Cell_Number	
0	7.7081E+05	7.9680E+09	4.6046E+17	5.1768E+18	5.7000E+03	5.7000E+03	5.7000E+03	7.1951E+05	5.7000E+03	5.7000E+03	6.2687E+16	5.7000E+03	5.7000E+03	5.7000E+03	0.0000E+00	5.5743E+06	6.6413E+03	5.7000E+03	5.7000E+03	5.7000E+03	8.5433E+04	5.7000E+03	5.7000E+03	5.7000E+03	5.7000E+03	5.7000E+03
1	4.9336E+05	2.7274E+10	1.7811E+17	2.0025E+18	2.2049E+03	2.2049E+03	2.2049E+03	4.6927E+05	2.2049E+03	2.2049E+03	2.4248E+16	2.2049E+03	6.4484E+03	2.2049E+03	0.0000E+00	5.6021E+06	2.5914E+03	2.2049E+03	2.2049E+03	2.2049E+03	3.0648E+05	2.2049E+03	2.2049E+03	2.2049E+03	2.2049E+03	2.2049E+03
2	3.0371E+05	6.3236E+10	6.9437E+16	7.8072E+17	8.5961E+02	8.5961E+02	8.5961E+02	2.9224E+05	8.5961E+02	8.5961E+02	9.4531E+15	8.5961E+02	4.5949E+03	8.5961E+02	0.0000E+00	3.6515E+06	8.5961E+02	8.5961E+02	8.5961E+02	8.5961E+02	6.9320E+05	8.5961E+02	8.5961E+02	8.5961E+02	8.5961E+02	8.5961E+02
3	1.8789E+05	1.2235E+11	2.7054E+16	3.0419E+17	3.3492E+02	3.3492E+02	3.3492E+02	1.8271E+05	3.3492E+02	3.3492E+02	3.6830E+15	3.3492E+02	2.5057E+03	3.3492E+02	0.0000E+00	2.1244E+06	3.3492E+02	3.3492E+02	3.3492E+02	3.3492E+02	1.3119E+06	3.3492E+02	3.3492E+02	3.3492E+02	3.3492E+02	3.3492E+02
4	1.1651E+05	2.1155E+11	1.0526E+16	1.1837E+17	1.3032E+02	1.3032E+02	1.3032E+02	1.1433E+05	1.3032E+02	1.3032E+02	1.4330E+15	1.3032E+02	1.1412E+03	1.8638E+02	0.0000E+00	1.5655E+06	1.3032E+02	1.3032E+02	1.3032E+02	1.3032E+02	2.2685E+06	1.3032E+02	1.3032E+02	1.3032E+02	1.3032E+02	1.3032E+02
5	7.2432E+04	3.3728E+11	4.1001E+15	4.6117E+16	5.0776E+01	5.0776E+01	5.0776E+01	7.1561E+04	5.0776E+01	5.0776E+01	5.5813E+14	5.0776E+01	4.6523E+02	9.1954E+02	0.0000E+00	2.6697E+06	5.0776E+01	5.0776E+01	5.0776E+01	5.0776E+01	3.6178E+06	5.0776E+01	5.0776E+01	5.0776E+01	5.0776E+01	5.0776E+01
6	4.5113E+04	5.0377E+11	1.5981E+15	1.7992E+16	1.9808E+01	1.9808E+01	1.9808E+01	4.4774E+04	1.9808E+01	1.9808E+01	2.1752E+14	1.9808E+01	1.8045E+02	4.9079E+03	0.0000E+00	9.3930E+06	3.9432E+01	1.9808E+01	1.9808E+01	1.9808E+01	5.4086E+06	1.9808E+01	1.9808E+01	1.9808E+01	1.9808E+01	1.9808E+01
7	2.8120E+04	7.1212E+11	6.2249E+14	7.0287E+15	7.7367E+00	7.7367E+00	7.7367E+00	2.7990E+04	7.7367E+00	7.7367E+00	8.4735E+13	7.7367E+00	6.7842E+01	2.4753E+04	0.0000E+00	3.5258E+07	5.7824E+01	7.7367E+00	7.7367E+00	7.7367E+00	7.6679E+06	7.7367E+00	7.7367E+00	7.7367E+00	7.7367E+00	7.7367E+00
8	1.7544E+04	9.5952E+11	2.4141E+14	2.7504E+15	3.0257E+00	3.0257E+00	3.0257E+00	1.7494E+04	3.0257E+00	3.0257E+00	3.2908E+13	3.0257E+00	2.3652E+01	1.1786E+05	0.0000E+00	1.1413E+08	7.3193E+01	3.0257E+00	5.0791E+00	3.0257E+00	1.0425E+07	3.0257E+00	3.0257E+00	3.0257E+00	3.0257E+00	3.0257E+00
9	1.1025E+04	1.2389E+12	9.2232E+13	1.0786E+15	1.1847E+00	1.1847E+00	1.1847E+00	1.0996E+04	1.1847E+00	1.1847E+00	1.2667E+13	1.1847E+00	7.1796E+00	5.7471E+05	0.0000E+00	3.0949E+08	7.7716E+01	1.1847E+00	1.4363E+01	1.1847E+00	1.3823E+07	1.1847E+00	1.1847E+00	1.1847E+00	1.1847E+00	1.1847E+00
10	7.1117E+03	1.5390E+12	3.3691E+13	4.2449E+14	4.6449E-01	4.6449E-01	4.6449E-01	7.0546E+03	4.6449E-01	4.6449E-01	4.7716E+12	4.6449E-01	1.6151E+00	2.5939E+06	0.0000E+00	7.0895E+08	6.9786E+01	4.6449E-01	5.2226E+01	4.6449E-01	1.8498E+07	4.6449E-01	4.6449E-01	4.6449E-01	4.6449E-01	4.6449E-01
11	4.6229E+03	3.2017E+12	2.7081E+13	1.6808E+14	2.0208E-01	2.0208E-01	2.0208E-01	4.5007E+03	2.0208E-01	2.0208E-01	3.7175E+12	2.0208E-01	5.4852E-01	6.8065E+06	0.0000E+00	1.0127E+09	4.3389E+01	2.0208E-01	1.2024E+02	2.0208E-01	1.8983E+07	2.0208E-01	2.0208E-01	2.0208E-01	2.0208E-01	2.0208E-01
12	3.3153E+03	5.0245E+12	2.1175E+13	6.7244E+13	9.6346E-02	9.6346E-02	9.6346E-02	3.0117E+03	9.6346E-02	9.6346E-02	2.9010E+12	9.6346E-02	1.8064E-01	1.2220E+07	0.0000E+00	1.7232E+09	3.5193E+01	9.6346E-02	3.0278E+02	9.6346E-02	1.5329E+07	9.6346E-02	9.6346E-02	9.6346E-02	9.6346E-02	9.6346E-02
13	2.7718E+03	6.9528E+12	1.6059E+13	2.7296E+13	5.2588E-02	5.2588E-02	5.2588E-02	2.0864E+03	5.2588E-02	5.2588E-02	2.2775E+12	5.2588E-02	9.3994E-02	1.9532E+07	0.0000E+00	2.7937E+09	3.1145E+01	5.2588E-02	6.8486E+02	5.2588E-02	1.1560E+07	5.2588E-02	5.2588E-02	5.2588E-02	5.2588E-02	5.2588E-02
14	2.8932E+03	8.8992E+12	1.1773E+13	1.1223E+13	3.3703E-02	3.3703E-02	3.3703E-02	1.4817E+03	3.3703E-02	3.3703E-02	1.8033E+12	3.3703E-02	1.1803E-01	4.5345E+07	0.0000E+00	4.3943E+09	3.1307E+01	3.3703E-02	1.4111E+03	3.3703E-02	9.0477E+06	3.3703E-02	3.3703E-02	3.3703E-02	3.3703E-02	3.3703E-02
15	3.7268E+03	1.0731E+13	8.2998E+12	4.5989E+12	2.5074E-02	2.5074E-02	2.5074E-02	1.0565E+03	2.5074E-02	2.5074E-02	1.4373E+12	2.5074E-02	4.3112E-01	6.0588E+08	0.0000E+00	6.8636E+09	3.6491E+01	2.5074E-02	2.6697E+03	2.5074E-02	1.6971E+07	2.5074E-02	2.5074E-02	2.5074E-02	2.5074E-02	2.5074E-02
16	4.0603E+03	8.0711E+12	3.6907E+12	1.3313E+12	5.0079E-01	1.3881E-02	1.3881E-02	5.2052E+02	1.3881E-02	1.3881E-02	7.6747E+11	1.3881E-02	1.1457E+00	1.0482E+10	0.0000E+00	8.1673E+09	7.5515E+00	1.3881E-02	3.5386E+03	1.3881E-02	1.5252E+09	1.3881E-02	1.3881E-02	1.3881E-02	1.3881E-02	1.3881E-02
17	3.4521E+03	3.8154E+12	1.0628E+12	2.2695E+11	2.2115E+01	6.1679E-03	5.5248E-03	1.8510E+02	5.5248E-03	5.5248E-03	2.8509E+11	5.5248E-03	1.3372E+00	8.2934E+10	0.0000E+00	7.5684E+09	2.8078E+02	5.5248E-03	3.2656E+03	5.5248E-03	4.4120E+10	5.5248E-03	5.5248E-03	5.5248E-03	5.5248E-03	5.5248E-03
18	3.6660E+03	2.5059E+12	3.8738E+11	2.6794E+10	1.8561E+01	5.0981E-01	3.2468E-03	8.9584E+01	1.1950E-02	3.2468E-03	1.5841E+11	3.2468E-03	1.4812E+00	1.2129E+11	0.0000E+00	2.5254E+09	2.2776E+04	8.2159E-03	3.5744E+03	3.2468E-03	4.4661E+10	4.3527E-03	3.2468E-03	3.2468E-03	3.2468E-03	1.0579E-02
19	4.5756E+03	2.4241E+12	1.6817E+11	5.8978E+09	5.2438E+00	8.9041E-01	2.9215E-03	3.8556E+01	2.1601E-02	2.9215E-03	1.3795E+11	2.9215E-03	1.9811E+00	1.5744E+11	0.0000E+00	1.5686E+09	1.3819E+04	3.0951E-02	4.5340E+03	2.9215E-03	2.6632E+10	2.2482E-02	2.9215E-03	3.1119E-03	2.9215E-03	4.6847E-02
20	4.9952E+03	2.4645E+12	6.2165E+10	9.3174E+08	4.9005E-01	3.1129E-01	2.8612E-03	4.8961E+00	3.5460E-03	2.8612E-03	1.3348E+11	2.8612E-03	2.5822E+00	1.8779E+11	0.0000E+00	7.9148E+08	2.6484E+03	1.4509E-02	4.9872E+03	2.8612E-03	1.1602E+10	2.1372E-02	2.8612E-03	1.0475E-02	2.8612E-03	1.4775E-01
21	4.3175E+03	2.2517E+12	1.4567E+10	5.1706E+07	2.0363E-02	5.0530E-02	2.5726E-03	1.1902E-01	2.5726E-03	2.5726E-03	1.1865E+11	2.5726E-03	2.9084E+00	1.8460E+11	0.0000E+00	1.7281E+08	3.1359E+02	2.6459E-03	4.3137E+03	2.5726E-03	2.9943E+09	1.7721E-02	2.5726E-03	4.5438E-02	2.5726E-03	6.1986E-01
22	3.3400E+03	1.9834E+12	1.7939E+09	7.5789E+05	2.2557E-03	9.0926E-03	2.2557E-03	2.2557E-03	2.2557E-03	2.2557E-03	1.0260E+11	2.2557E-03	3.0761E+00	1.6750E+11	0.0000E+00	1.7474E+07	1.0604E+01	2.2557E-03	3.3299E+03	2.2557E-03	3.8953E+08	2.4604E-02	2.2557E-03	4.8366E-01	2.2557E-03	6.4893E+00
23	2.8787E+03	1.9974E+12	1.6050E+08	6.2892E+03	2.2714E-03	2.2714E-03	2.2714E-03	2.2714E-03	2.2714E-03	2.2714E-03	1.0211E+11	2.2714E-03	3.6619E+00	1.7163E+11	0.0000E+00	1.6910E+06	7.8563E-02	2.2714E-03	2.8290E+03	2.2714E-03	3.5316E+07	1.4693E-02	2.2714E-03	3.2462E+00	2.2714E-03	4.2778E+01
24	2.4904E+03	2.0058E+12	1.3253E+07	4.4873E+01	2.2825E-03	2.2825E-03	2.2825E-03	2.2825E-03	2.2825E-03	2.2825E-03	1.0183E+11	2.2825E-03	4.3285E+00	1.7488E+11	0.0000E+00	1.5102E+05	2.2825E-03	2.2825E-03	2.3553E+03	2.2825E-03	2.9493E+06	3.5806E-03	2.2825E-03	9.3549E+00	2.2825E-03	1.2141E+02
25	2.1859E+03	1.9931E+12	4.1546E+06	4.5742E+00	2.2701E-03	2.2701E-03	2.2701E-03	2.2701E-03	2.2701E-03	2.2701E-03	1.0094E+11	2.2701E-03	5.0645E+00	1.7604E+11	0.0000E+00	5.0510E+04	2.2701E-03	2.2701E-03	1.9377E+03	2.2701E-03	9.3618E+05	2.2701E-03	2.2701E-03	1.7609E+01	2.2701E-03	2.2551E+02
26	1.9593E+03	1.9629E+12	3.5486E+06	3.4378E+00	2.2379E-03	2.2379E-03	2.2379E-03	2.2379E-03	2.2379E-03	2.2379E-03	9.9609E+10	2.2379E-03	5.8904E+00	1.7541E+11	0.0000E+00	4.4366E+04	2.2379E-03	2.2379E-03	1.5919E+03	2.2379E-03	8.0930E+05	2.7756E-03	2.2379E-03	2.6469E+01	2.2379E-03	3.3503E+02
27	1.7975E+03	1.9204E+12	3.2602E+06	2.9699E+00	2.1919E-03	2.1919E-03	2.1919E-03	2.1919E-03	2.1919E-03	2.1919E-03	9.8010E+10	2.1919E-03	6.8305E+00	1.7347E+11	0.0000E+00	4.1171E+04	2.1919E-03	2.1919E-03	1.3169E+03	2.1919E-03	7.5265E+05	3.3775E-03	2.1919E-03	3.5027E+01	2.1919E-03	4.3873E+02
28	1.7002E+03	1.8734E+12	2.9516E+06	2.4836E+00	2.1407E-03	2.1407E-03	2.1407E-03	2.1407E-03	2.1407E-03	2.1407E-03	9.6440E+10	2.1407E-03	7.9185E+00	1.7084E+11	0.0000E+00	3.7352E+04	2.1407E-03	2.1407E-03	1.1149E+03	2.1407E-03	6.8936E+05	3.7977E-03	2.1407E-03	4.3056E+01	2.1407E-03	5.3439E+02
29	1.6635E+03	1.8278E+12	2.6348E+06	2.0162E+00	2.0909E-03	2.0909E-03	2.0909E-03	2.0909E-03	2.0909E-03	2.0909E-03	9.5118E+10	2.0909E-03	9.1903E+00	1.6801E+11	0.0000E+00	3.3342E+04	2.0909E-03	2.0909E-03	9.7878E+02	2.0909E-03	6.2153E+05	4.0545E-03	2.0909E-03	5.0717E+01	2.0909E-03	6.2476E+02
30	1.6814E+03	1.7868E+12	2.3690E+06	1.6589E+00	2.0462E-03	2.0462E-03	2.0462E-03	2.0462E-03	2.0462E-03	2.0462E-03	9.4141E+10	2.0462E-03	1.0681E+01	1.6520E+11	0.0000E+00	2.9976E+04	2.0462E-03	2.0462E-03	8.9827E+02	2.0462E-03	5.6307E+05	4.2574E-03	2.0462E-03	5.8295E+01	2.0462E-03	7.1415E+02
31	1.7475E+03	1.7509E+12	2.1752E+06	1.4214E+00	2.0068E-03	2.0068E-03	2.0068E-03	2.0068E-03	2.0068E-03	2.0068E-03	9.3479E+10	2.0068E-03	1.2421E+01	1.6244E+11	0.0000E+00	2.7496E+04	2.0068E-03	2.0068E-03	8.6244E+02	2.0068E-03	5.1943E+05	4.5008E-03	2.0068E-03	6.6050E+01	2.0068E-03	8.0655E+02
32	1.8551E+03	1.7191E+12	2.0390E+06	1.2665E+00	1.9718E-03	1.9718E-03	1.9718E-03	1.9718E-03	1.9718E-03	1.9718E-03	9.3046E+10	1.9718E-03	1.4438E+01	1.5961E+11	0.0000E+00	2.5686E+04	1.9718E-03	1.9718E-03	8.6102E+02	1.9718E-03	4.8769E+05	4.8173E-03	1.9718E-03	7.4191E+01	1.9718E-03	9.0540E+02
33	1.9970E+03	1.6903E+12	1.9365E+06	1.1554E+00	1.9396E-03	1.9396E-03	1.9396E-03	1.9396E-03	1.9396E-03	1.9396E-03	9.2745E+10	1.9396E-03	1.6757E+01	1.5663E+11	0.0000E+00	2.4222E+04	1.9396E-03	1.9396E-03	8.8386E+02	1.9396E-03	4.6253E+05	5.1998E-03	1.9396E-03	8.2878E+01	1.9396E-03	1.0135E+03
34	2.1704E+03	1.6635E+12	1.8504E+06	1.0640E+00	1.9094E-03	1.9094E-03	1.9094E-03	1.9094E-03	1.9094E-03	1.9094E-03	9.2498E+10	1.9094E-03	1.9405E+01	1.5342E+11	0.0000E+00	2.2881E+04	1.9094E-03	1.9094E-03	9.2548E+02	1.9094E-03	4.4009E+05	5.6367E-03	1.9094E-03	9.2232E+01	1.9094E-03	1.1333E+03
35	2.3733E+03	1.6381E+12	1.7717E+06	9.8103E-01	1.8804E-03	1.8804E-03	1.8804E-03	1.8804E-03	1.8804E-03	1.8804E-03	9.2258E+10	1.8804E-03	2.2409E+01	1.4998E+11	0.0000E+00	2.1559E+04	1.8804E-03	1.8804E-03	9.8157E+02	1.8804E-03	4.1846E+05	6.1192E-03	1.8804E-03	1.0235E+02	1.8804E-03	1.2669E+03
36	2.6050E+03	1.6142E+12	1.6983E+06	9.0415E-01	1.8525E-03	1.8525E-03	1.8525E-03	1.8525E-03	1.8525E-03	1.8525E-03	9.2000E+10	1.8525E-03	2.5798E+01	1.4635E+11	0.0000E+00	2.0250E+04	1.8525E-03	1.8525E-03	1.0496E+03	1.8525E-03	3.9734E+05	6.6470E-03	1.8525E-03	1.1330E+02	1.8525E-03	1.4163E+03
37	2.8664E+03	1.5917E+12	1.6339E+06	8.3735E-01	1.8260E-03	1.8260E-03	1.8260E-03	1.8260E-03	1.8260E-03	1.8260E-03	9.1724E+10	1.8260E-03	2.9605E+01	1.4259E+11	0.0000E+00	1.9018E+04	1.8260E-03	1.8260E-03	1.1286E+03	1.8260E-03	3.7779E+05	7.2409E-03	1.8260E-03	1.2512E+02	1.8260E-03	1.5831E+03
38	3.1594E+03	1.5711E+12	1.5858E+06	7.8759E-01	1.8014E-03	1.8014E-03	1.8014E-03	1.8014E-03	1.8014E-03	1.8014E-03	9.1450E+10	1.8014E-03	3.3871E+01	1.3878E+11	0.0000E+00	1.7963E+04	1.8014E-03	1.8014E-03	1.2185E+03	1.8014E-03	3.6157E+05	7.9488E-03	1.8014E-03	1.3788E+02	1.8014E-03	1.7691E+03
39	3.4861E+03	1.5528E+12	1.5581E+06	7.5782E-01	1.7791E-03	1.7791E-03	1.7791E-03	1.7791E-03	1.7791E-03	1.7791E-03	9.1201E+10	1.7791E-03	3.8644E+01	1.3501E+11	0.0000E+00	1.7137E+04	1.7791E-03	1.7791E-03	1.3192E+03	1.7791E-03	3.4958E+05	8.8160E-03	1.7791E-03	1.5163E+02	1.7791E-03	1.9767E+03
40	3.8472E+03	1.5369E+12	1.5461E+06	7.4281E-01	1.7592E-03	1.7592E-03	1.7592E-03	1.7592E-03	1.7592E-03	1.7592E-03	9.0982E+10	1.7592E-03	4.3973E+01	1.3130E+11	0.0000E+00	1.6487E+04	1.7592E-03	1.7592E-03	1.4287E+03	1.7592E-03	3.4073E+05	9.8581E-03	1.7592E-03	1.6645E+02	1.7592E-03	2.2080E+03
41	4.2405E+03	1.5227E+12	1.5454E+06	7.3789E-01	1.7411E-03	1.7411E-03	1.7411E-03	1.7411E-03	1.7411E-03	1.7411E-03	9.0761E+10	1.7411E-03	4.9897E+01	1.2765E+11	0.0000E+00	1.5955E+04	1.7411E-03	1.7411E-03	1.5430E+03	1.7411E-03	3.3400E+05	1.1086E-02	1.7411E-03	1.8239E+02	1.7411E-03	2.4652E+03
42	4.6610E+03	1.5093E+12	1.5478E+06	7.3505E-01	1.7238E-03	1.7238E-03	1.7238E-03	1.7238E-03	1.7238E-03	1.7238E-03	9.0486E+10	1.7238E-03	5.6440E+01	1.2403E+11	0.0000E+00	1.5443E+04	1.7238E-03	1.7238E-03	1.6549E+03	1.7238E-03	3.2769E+05	1.2480E-02	1.7238E-03	1.9947E+02	1.7238E-03	2.7502E+03
43	5.1016E+03	1.4956E+12	1.5408E+06	7.2246E-01	1.7061E-03	1.7061E-03	1.7061E-03	1.7061E-03	1.7061E-03	1.7426E-03	9.0093E+10	1.7061E-03	6.3608E+01	1.2037E+11	0.0000E+00	1.4823E+04	1.7061E-03	1.7061E-03	1.7556E+03	1.7061E-03	3.1930E+05	1.3956E-02	1.7061E-03	2.1771E+02	1.7061E-03	3.0646E+03
44	5.5545E+03	1.4807E+12	1.5171E+06	6.9381E-01	1.6868E-03	1.6868E-03	1.6868E-03	1.6868E-03	1.6868E-03	1.8941E-03	8.9528E+10	1.6868E-03	7.1396E+01	1.1664E+11	0.0000E+00	1.4036E+04	1.6868E-03	1.6868E-03	1.8357E+03	1.6868E-03	3.0763E+05	1.5435E-02	1.6868E-03	2.3716E+02	1.6868E-03	3.4102E+03
45	6.0139E+03	1.4640E+12	1.4672E+06	6.4199E-01	1.6656E-03	1.6656E-03	1.6656E-03	1.6656E-03	1.6656E-03	2.0521E-03	8.8754E+10	1.6656E-03	7.9799E+01	1.1284E+11	0.0000E+00	1.3017E+04	1.6656E-03	1.6656E-03	1.8873E+03	1.6656E-03	2.9111E+05	1.6776E-02	1.6656E-03	2.5781E+02	1.6656E-03	3.7889E+03
46	6.4711E+03	1.4456E+12	1.3861E+06	5.6511E-01	1.6421E-03	1.6421E-03	1.6421E-03	1.6421E-03	1.6421E-03	2.2107E-03	8.7744E+10	1.6421E-03	8.8813E+01	1.0876E+11	0.0000E+00	1.1719E+04	1.6421E-03	1.6421E-03	1.8998E+03	1.6421E-03	2.6852E+05	1.7821E-02	1.6421E-03	2.7915E+02	1.6421E-03	4.2034E+03
47	6.9851E+03	1.4237E+12	1.2721E+06	4.6820E-01	1.6143E-03	1.6143E-03	1.6143E-03	1.6143E-03	1.6143E-03	2.3917E-03	8.6414E+10	1.6143E-03	9.9472E+01	1.0426E+11	0.0000E+00	1.0176E+04	1.6143E-03	1.6143E-03	1.8812E+03	1.6143E-03	2.4008E+05	1.8610E-02	1.6143E-03	3.0384E+02	1.6143E-03	4.7005E+03
48	7.6249E+03	1.3967E+12	1.1322E+06	3.6422E-01	1.5808E-03	1.5808E-03	1.5808E-03	1.5808E-03	1.5808E-03	2.6202E-03	8.4706E+10	1.5808E-03	1.1302E+02	9.9341E+10	0.0000E+00	8.5135E+03	1.5808E-03	1.5808E-03	1.8427E+03	1.5808E-03	2.0780E+05	1.9222E-02	1.5808E-03	3.3480E+02	1.5841E-03	5.3343E+03
49	8.4130E+03	1.3667E+12	9.8984E+05	2.7277E-01	1.5434E-03	1.5434E-03	1.5434E-03	1.5434E-03	1.5434E-03	2.9032E-03	8.2688E+10	1.5434E-03	1.2998E+02	9.4044E+10	0.0000E+00	6.9455E+03	1.5434E-03	1.5434E-03	1.7857E+03	1.5434E-03	1.7604E+05	1.9808E-02	1.5434E-03	3.7185E+02	1.6925E-03	6.1254E+03
50	9.3898E+03	1.3359E+12	8.6565E+05	2.0412E-01	1.5050E-03	1.5298E-03	1.5050E-03	1.5050E-03	1.5050E-03	3.2529E-03	8.0491E+10	1.5050E-03	1.5110E+02	8.8636E+10	0.0000E+00	5.6422E+03	1.5050E-03	1.5050E-03	1.7243E+03	1.5050E-03	1.4866E+05	2.0644E-02	1.5050E-03	4.1543E+02	1.8231E-03	7.0989E+03
51	1.0595E+04	1.3057E+12	7.6739E+05	1.5684E-01	1.4672E-03	1.5759E-03	1.4672E-03	1.4672E-03	1.4672E-03	3.6815E-03	7.8202E+10	1.4672E-03	1.7730E+02	8.3278E+10	0.0000E+00	4.6304E+03	1.4672E-03	1.4672E-03	1.6697E+03	1.4672E-03	1.2683E+05	2.1954E-02	1.4672E-03	4.6584E+02	1.9793E-03	8.2825E+03
52	1.2064E+04	1.2764E+12	6.9242E+05	1.2477E-01	1.4303E-03	1.6283E-03	1.4303E-03	1.4303E-03	1.4303E-03	4.2000E-03	7.5846E+10	1.4303E-03	2.0970E+02	7.8024E+10	0.0000E+00	3.8538E+03	1.4303E-03	1.4303E-03	1.6262E+03	1.4303E-03	1.0977E+05	2.3852E-02	1.4303E-03	5.2313E+02	2.1622E-03	9.7053E+03
53	1.3831E+04	1.2477E+12	6.3470E+05	1.0234E-01	1.3940E-03	1.6784E-03	1.3940E-03	1.3940E-03	1.3940E-03	4.8202E-03	7.3432E+10	1.3940E-03	2.4961E+02	7.2895E+10	0.0000E+00	3.2454E+03	1.3940E-03	1.3940E-03	1.5920E+03	1.3940E-03	9.6211E+04	2.6379E-02	1.3940E-03	5.8740E+02	2.3716E-03	1.1402E+04
54	1.5940E+04	1.2195E+12	5.8923E+05	8.6061E-02	1.3583E-03	1.7342E-03	1.3583E-03	1.3583E-03	1.3583E-03	5.5564E-03	7.0977E+10	1.3583E-03	2.9873E+02	6.7915E+10	0.0000E+00	2.7571E+03	1.3583E-03	1.3583E-03	1.5619E+03	1.3583E-03	8.5155E+04	2.9588E-02	1.3583E-03	6.5906E+02	2.6081E-03	1.3421E+04
55	1.8447E+04	1.1913E+12	5.5162E+05	7.3570E-02	1.3229E-03	1.7881E-03	1.3229E-03	1.3229E-03	1.3229E-03	6.4277E-03	6.8487E+10	1.3229E-03	3.5911E+02	6.3107E+10	0.0000E+00	2.3540E+03	1.3229E-03	1.3229E-03	1.5298E+03	1.3229E-03	7.5823E+04	3.3515E-02	1.3229E-03	7.3895E+02	2.8737E-03	1.5819E+04
56	2.1425E+04	1.1626E+12	5.1812E+05	6.3332E-02	1.2870E-03	1.8453E-03	1.3892E-03	1.2870E-03	1.2870E-03	7.4606E-03	6.5963E+10	1.2870E-03	4.3322E+02	5.8503E+10	0.0000E+00	2.0120E+03	1.2870E-03	1.2870E-03	1.4911E+03	1.2870E-03	6.7643E+04	3.8178E-02	1.2870E-03	8.2863E+02	3.1737E-03	1.8672E+04
57	2.4978E+04	1.1329E+12	4.8682E+05	5.4655E-02	1.2505E-03	1.9025E-03	1.6453E-03	1.2505E-03	1.2505E-03	8.6919E-03	6.3416E+10	1.2505E-03	5.2412E+02	5.4166E+10	0.0000E+00	1.7209E+03	1.2505E-03	1.2505E-03	1.4448E+03	1.2505E-03	6.0376E+04	4.3645E-02	1.2505E-03	9.3099E+02	3.5188E-03	2.2078E+04
58	2.9253E+04	1.1022E+12	4.5783E+05	4.7435E-02	1.2133E-03	1.9561E-03	1.9542E-03	1.2133E-03	1.2133E-03	1.0172E-02	6.0870E+10	1.2133E-03	6.3575E+02	5.0183E+10	0.0000E+00	1.4794E+03	1.2133E-03	1.2133E-03	1.3931E+03	1.2133E-03	5.4060E+04	5.0146E-02	1.2133E-03	1.0510E+03	3.9276E-03	2.6173E+04
59	3.4444E+04	1.0706E+12	4.3156E+05	4.1630E-02	1.1756E-03	2.0009E-03	2.3276E-03	1.1756E-03	1.1756E-03	1.1969E-02	5.8345E+10	1.1756E-03	7.7312E+02	4.6632E+10	0.0000E+00	1.2859E+03	1.1756E-03	1.1756E-03	1.3395E+03	1.1756E-03	4.8744E+04	5.8029E-02	1.1756E-03	1.1963E+03	4.4276E-03	3.1135E+04
60	4.0792E+04	1.0377E+12	4.0721E+05	3.6937E-02	1.1371E-03	2.0357E-03	2.7827E-03	1.1371E-03	1.1371E-03	1.4168E-02	5.5836E+10	1.1371E-03	9.4242E+02	4.3562E+10	0.0000E+00	1.1343E+03	1.1371E-03	1.1371E-03	1.2865E+03	1.1371E-03	4.4324E+04	6.7613E-02	1.1371E-03	1.3771E+03	5.0567E-03	3.7186E+04
61	4.8590E+04	1.0031E+12	3.8320E+05	3.2974E-02	1.0974E-03	2.0485E-03	3.3420E-03	1.0974E-03	1.0974E-03	1.6875E-02	5.3321E+10	1.0974E-03	1.1512E+03	4.0989E+10	0.0000E+00	1.0161E+03	1.0974E-03	1.0974E-03	1.2354E+03	1.0974E-03	4.0603E+04	7.9102E-02	1.0974E-03	1.6075E+03	5.8653E-03	4.4596E+04
62	5.8197E+04	9.6658E+11	3.5837E+05	2.9461E-02	1.0563E-03	2.0446E-03	4.0337E-03	1.0563E-03	1.0563E-03	2.0224E-02	5.0783E+10	1.0563E-03	1.4088E+03	3.8899E+10	0.0000E+00	9.2439E+02	1.0563E-03	1.0563E-03	1.1873E+03	1.0563E-03	3.7410E+04	9.2659E-02	1.0563E-03	1.9062E+03	6.9203E-03	5.3695E+04
63	7.0066E+04	9.2829E+11	3.3290E+05	2.6333E-02	1.0138E-03	2.0261E-03	4.8927E-03	1.0138E-03	1.0138E-03	2.4384E-02	4.8220E+10	1.0138E-03	1.7273E+03	3.7255E+10	0.0000E+00	8.5469E+02	1.0138E-03	1.0138E-03	1.1439E+03	1.0138E-03	3.4677E+04	1.0863E-01	1.0138E-03	2.2973E+03	8.3090E-03	6.4898E+04
64	8.4765E+04	8.8882E+11	3.0824E+05	2.3705E-02	9.7047E-04	1.9804E-03	5.9601E-03	9.7047E-04	9.7047E-04	2.9559E-02	4.5655E+10	9.7047E-04	2.1221E+03	3.5993E+10	0.0000E+00	8.0503E+02	9.7047E-04	9.7047E-04	1.1078E+03	9.7047E-04	3.2427E+04	1.2779E-01	9.7047E-04	2.8114E+03	1.0142E-02	7.8723E+04
65	1.0299E+05	8.4897E+11	2.8630E+05	2.1714E-02	9.2712E-04	1.9233E-03	7.2840E-03	9.2712E-04	9.2712E-04	3.5995E-02	4.3116E+10	9.2712E-04	2.6133E+03	3.5026E+10	0.0000E+00	7.7416E+02	9.2712E-04	9.2712E-04	1.0811E+03	9.2712E-04	3.0713E+04	1.5160E-01	9.2712E-04	3.4854E+03	1.2550E-02	9.5809E+04
66	1.2556E+05	8.0945E+11	2.6818E+05	2.0400E-02	8.8433E-04	1.8552E-03	8.9191E-03	8.8433E-04	8.8433E-04	4.3978E-02	4.0629E+10	8.8433E-04	3.2259E+03	3.4247E+10	0.0000E+00	7.5967E+02	8.8433E-04	8.8433E-04	1.0640E+03	8.8433E-04	2.9528E+04	1.8200E-01	8.8433E-04	4.3608E+03	1.5685E-02	1.1691E+05
67	1.5340E+05	7.7074E+11	2.5327E+05	1.9581E-02	8.4249E-04	1.7862E-03	1.0926E-02	8.4249E-04	8.4249E-04	5.3826E-02	3.8211E+10	8.4249E-04	3.9913E+03	3.3544E+10	0.0000E+00	7.5572E+02	8.4249E-04	8.4249E-04	1.0539E+03	8.4249E-04	2.8704E+04	2.2070E-01	8.4249E-04	5.4812E+03	1.9702E-02	1.4287E+05
68	1.8751E+05	7.3317E+11	2.4117E+05	1.9138E-02	8.0186E-04	1.7156E-03	1.3370E-02	8.0186E-04	8.0186E-04	6.5883E-02	3.5879E+10	8.0186E-04	4.9477E+03	3.2818E+10	0.0000E+00	7.5764E+02	8.0186E-04	8.0186E-04	1.0488E+03	8.0186E-04	2.8124E+04	2.6988E-01	8.0186E-04	6.8895E+03	2.4759E-02	1.7462E+05
69	2.2901E+05	6.9710E+11	2.3258E+05	1.9165E-02	7.6275E-04	1.6527E-03	1.6318E-02	7.6275E-04	7.6275E-04	8.0512E-02	3.3649E+10	7.6275E-04	6.1431E+03	3.1997E+10	0.0000E+00	7.6459E+02	7.6275E-04	7.6275E-04	1.0491E+03	7.6275E-04	2.7816E+04	3.3356E-01	7.6275E-04	8.6245E+03	3.0993E-02	2.1319E+05
70	2.7911E+05	6.6293E+11	2.2806E+05	1.9770E-02	7.2551E-04	1.5960E-03	1.9828E-02	7.2551E-04	7.2551E-04	9.8084E-02	3.1544E+10	7.2551E-04	7.6374E+03	3.1039E+10	0.0000E+00	7.7666E+02	7.2551E-04	7.2551E-04	1.0561E+03	7.2551E-04	2.7815E+04	4.1750E-01	7.2551E-04	1.0717E+04	3.8518E-02	2.5970E+05
71	3.3909E+05	6.3091E+11	2.2827E+05	2.1146E-02	6.9042E-04	1.5576E-03	2.3952E-02	6.9042E-04	6.9042E-04	1.1895E-01	2.9579E+10	6.9042E-04	9.5054E+03	2.9924E+10	0.0000E+00	7.9502E+02	6.9042E-04	6.9042E-04	1.0724E+03	6.9042E-04	2.8181E+04	5.3036E-01	6.9042E-04	1.3183E+04	4.7393E-02	3.1532E+05
72	4.1017E+05	6.0107E+11	2.3351E+05	2.3478E-02	6.5748E-04	1.5357E-03	2.8727E-02	6.5748E-04	6.5748E-04	1.4344E-01	2.7759E+10	6.5748E-04	1.1838E+04	2.8646E+10	0.0000E+00	8.1973E+02	6.5748E-04	6.5748E-04	1.0985E+03	6.5748E-04	2.8927E+04	6.8380E-01	6.5748E-04	1.6018E+04	5.7599E-02	3.8121E+05
73	4.9336E+05	5.7316E+11	2.4365E+05	2.6938E-02	6.2645E-04	1.5379E-03	3.4178E-02	6.2645E-04	6.2645E-04	1.7176E-01	2.6074E+10	6.2645E-04	1.4743E+04	2.7210E+10	0.0000E+00	8.4919E+02	6.2645E-04	6.2645E-04	1.1330E+03	6.2645E-04	3.0008E+04	8.9259E-01	6.2645E-04	1.9188E+04	6.9015E-02	4.5829E+05
74	5.8936E+05	5.4687E+11	2.5818E+05	3.1654E-02	5.9701E-04	1.5797E-03	4.0315E-02	5.9701E-04	5.9701E-04	2.0406E-01	2.4513E+10	5.9701E-04	1.8344E+04	2.5631E+10	0.0000E+00	8.8020E+02	5.9701E-04	5.9701E-04	1.1732E+03	5.9701E-04	3.1321E+04	1.1743E+00	5.9701E-04	2.2627E+04	8.1413E-02	5.4721E+05
75	6.9853E+05	5.2191E+11	2.7676E+05	3.7805E-02	5.6892E-04	1.6869E-03	4.7126E-02	5.6892E-04	5.6892E-04	2.4035E-01	2.3066E+10	5.6892E-04	2.2790E+04	2.3940E+10	0.0000E+00	9.0983E+02	5.6892E-04	5.6892E-04	1.2161E+03	5.6892E-04	3.2773E+04	1.5507E+00	5.6892E-04	2.6247E+04	9.4472E-02	6.4828E+05
76	8.2093E+05	4.9811E+11	2.9943E+05	4.5687E-02	5.4201E-04	1.8757E-03	5.4574E-02	5.4201E-04	5.4201E-04	2.8051E-01	2.1725E+10	5.4201E-04	2.8250E+04	2.2174E+10	0.0000E+00	9.3639E+02	5.4201E-04	5.4201E-04	1.2602E+03	5.4201E-04	3.4314E+04	2.0504E+00	5.4201E-04	2.9935E+04	1.0780E-01	7.6148E+05
77	9.5628E+05	4.7536E+11	3.2672E+05	5.5806E-02	5.1622E-04	2.2018E-03	6.2597E-02	5.1622E-04	5.1622E-04	3.2434E-01	2.0485E+10	5.1622E-04	3.4916E+04	2.0372E+10	0.0000E+00	9.5946E+02	5.1622E-04	5.1622E-04	1.3053E+03	5.1622E-04	3.5934E+04	2.7119E+00	5.1622E-04	3.3567E+04	1.2097E-01	8.8649E+05
78	1.1041E+06	4.5362E+11	3.5960E+05	6.8926E-02	4.9153E-04	2.7421E-03	7.1114E-02	4.9153E-04	4.9153E-04	3.7152E-01	1.9338E+10	4.9153E-04	4.3005E+04	1.8570E+10	0.0000E+00	9.7945E+02	4.9153E-04	4.9153E-04	1.3522E+03	4.9153E-04	3.7654E+04	3.5883E+00	4.9153E-04	3.7012E+04	1.3351E-01	1.0227E+06
79	1.2637E+06	4.3285E+11	3.9945E+05	8.6196E-02	4.6793E-04	3.6261E-03	8.0032E-02	4.6793E-04	4.6793E-04	4.2167E-01	1.8276E+10	4.6793E-04	5.2750E+04	1.6799E+10	0.0000E+00	9.9709E+02	4.6793E-04	4.6793E-04	1.4022E+03	4.6793E-04	3.9512E+04	4.7529E+00	4.6793E-04	4.0142E+04	1.4498E-01	1.1694E+06
80	1.4345E+06	4.1304E+11	4.4805E+05	1.0927E-01	4.4541E-04	5.0685E-03	8.9263E-02	4.4541E-04	4.4541E-04	4.7443E-01	1.7288E+10	4.4541E-04	6.4397E+04	1.5083E+10	0.0000E+00	1.0131E+03	4.4541E-04	4.4541E-04	1.4564E+03	4.4541E-04	4.1545E+04	6.3075E+00	4.4541E-04	4.2846E+04	1.5498E-01	1.3258E+06
81	1.6160E+06	3.9415E+11	5.0748E+05	1.4042E-01	4.2396E-04	7.4201E-03	9.8734E-02	4.2396E-04	4.2396E-04	5.2950E-01	1.6366E+10	4.2396E-04	7.8198E+04	1.3443E+10	0.0000E+00	1.0277E+03	4.2396E-04	4.2396E-04	1.5154E+03	4.2396E-04	4.3776E+04	8.3913E+00	4.2396E-04	4.5040E+04	1.6321E-01	1.4913E+06
82	1.8083E+06	3.7615E+11	5.7970E+05	1.8254E-01	4.0355E-04	1.1235E-02	1.0841E-01	4.0355E-04	4.0355E-04	5.8670E-01	1.5498E+10	4.2078E-04	9.4403E+04	1.1896E+10	0.0000E+00	1.0398E+03	4.0355E-04	4.0355E-04	1.5780E+03	4.0355E-04	4.6175E+04	1.1186E+01	4.0355E-04	4.6673E+04	1.6949E-01	1.6656E+06
83	2.0116E+06	3.5899E+11	6.6582E+05	2.3860E-01	3.8412E-04	1.7326E-02	1.1829E-01	3.8412E-04	3.8412E-04	6.4605E-01	1.4674E+10	5.9651E-04	1.1325E+05	1.0454E+10	0.0000E+00	1.0465E+03	3.8412E-04	3.8412E-04	1.6400E+03	3.8412E-04	4.8618E+04	1.4911E+01	3.8412E-04	4.7736E+04	1.7378E-01	1.8490E+06
84	2.2270E+06	3.4257E+11	7.6517E+05	3.1067E-01	3.6558E-04	2.6748E-02	1.2842E-01	3.6558E-04	3.6558E-04	7.0770E-01	1.3885E+10	8.3610E-04	1.3497E+05	9.1249E+09	0.0000E+00	1.0431E+03	3.6558E-04	3.6558E-04	1.6934E+03	3.6558E-04	5.0872E+04	1.9799E+01	3.6558E-04	4.8252E+04	1.7613E-01	2.0420E+06
85	2.4555E+06	3.2681E+11	8.7450E+05	3.9824E-01	3.4786E-04	4.0611E-02	1.3889E-01	3.4786E-04	3.4786E-04	7.7198E-01	1.3123E+10	1.1601E-03	1.5977E+05	7.9145E+09	0.0000E+00	1.0241E+03	3.4786E-04	3.4786E-04	1.7281E+03	3.4786E-04	5.2607E+04	2.6051E+01	3.4786E-04	4.8273E+04	1.7671E-01	2.2457E+06
86	2.6985E+06	3.1163E+11	9.8800E+05	4.9690E-01	3.3084E-04	5.9701E-02	1.4975E-01	3.3084E-04	3.3084E-04	8.3920E-01	1.2384E+10	1.5941E-03	1.8782E+05	6.8245E+09	0.0000E+00	9.8515E+02	3.3084E-04	3.3084E-04	1.7335E+03	3.3084E-04	5.3487E+04	3.3788E+01	3.3084E-04	4.7867E+04	1.7576E-01	2.4611E+06
87	2.9566E+06	2.9692E+11	1.0984E+06	5.9836E-01	3.1444E-04	8.4015E-02	1.6107E-01	3.1444E-04	3.1444E-04	9.0959E-01	1.1663E+10	2.1706E-03	2.1930E+05	5.8539E+09	0.0000E+00	9.2525E+02	3.1444E-04	3.1444E-04	1.7035E+03	3.1444E-04	5.3271E+04	4.3017E+01	3.1444E-04	4.7101E+04	1.7350E-01	2.6885E+06
88	3.2296E+06	2.8261E+11	1.1985E+06	6.9245E-01	2.9857E-04	1.1252E-01	1.7283E-01	2.9857E-04	2.9857E-04	9.8313E-01	1.0958E+10	2.9289E-03	2.5434E+05	4.9988E+09	0.0000E+00	8.4725E+02	2.9857E-04	2.9857E-04	1.6371E+03	2.9857E-04	5.1898E+04	5.3626E+01	2.9857E-04	4.6037E+04	1.7015E-01	2.9275E+06
89	3.5160E+06	2.6864E+11	1.2833E+06	7.7022E-01	2.8317E-04	1.4335E-01	1.8495E-01	2.8317E-04	2.8317E-04	1.0595E+00	1.0270E+10	3.9165E-03	2.9307E+05	4.2527E+09	0.0000E+00	7.5714E+02	2.8317E-04	2.8317E-04	1.5397E+03	2.8317E-04	4.9496E+04	6.5417E+01	2.8317E-04	4.4731E+04	1.6589E-01	3.1766E+06
90	3.8138E+06	2.5499E+11	1.3503E+06	8.2657E-01	2.6820E-04	1.7436E-01	1.9732E-01	2.6820E-04	2.6820E-04	1.1381E+00	9.5978E+09	5.1895E-03	3.3558E+05	3.6075E+09	0.0000E+00	6.6221E+02	2.6820E-04	2.6820E-04	1.4205E+03	2.6820E-04	4.6328E+04	7.8164E+01	2.6820E-04	4.3226E+04	1.6090E-01	3.4335E+06
91	4.1203E+06	2.4166E+11	1.4000E+06	8.6104E-01	2.5367E-04	2.0380E-01	2.0981E-01	2.5367E-04	2.5367E-04	1.2183E+00	8.9450E+09	6.8137E-03	3.8197E+05	3.0537E+09	0.0000E+00	5.6917E+02	2.5367E-04	2.5367E-04	1.2897E+03	2.5367E-04	4.2707E+04	9.1678E+01	2.5367E-04	4.1568E+04	1.5533E-01	3.6954E+06
92	4.4338E+06	2.2872E+11	1.4349E+06	8.7693E-01	2.3962E-04	2.3069E-01	2.2230E-01	2.7685E-04	2.3962E-04	1.2995E+00	8.3145E+09	8.8684E-03	4.3234E+05	2.5812E+09	0.0000E+00	4.8297E+02	2.3962E-04	2.3962E-04	1.1563E+03	2.3962E-04	3.8922E+04	1.0586E+02	2.3962E-04	3.9801E+04	1.4935E-01	3.9604E+06
93	4.7546E+06	2.1624E+11	1.4590E+06	8.7966E-01	2.2614E-04	2.5489E-01	2.3473E-01	3.0105E-04	2.9720E-04	1.3815E+00	7.7103E+09	1.1453E-02	4.8685E+05	2.1798E+09	0.0000E+00	4.0651E+02	2.2614E-04	2.2614E-04	1.0270E+03	2.2614E-04	3.5193E+04	1.2073E+02	2.2614E-04	3.7971E+04	1.4310E-01	4.2286E+06
94	5.0862E+06	2.0434E+11	1.4766E+06	8.7527E-01	2.1333E-04	2.7684E-01	2.4713E-01	3.1865E-04	3.6919E-04	1.4649E+00	7.1370E+09	1.4700E-02	5.4582E+05	1.8395E+09	0.0000E+00	3.4084E+02	2.1333E-04	2.1333E-04	9.0583E+02	2.1333E-04	3.1664E+04	1.3650E+02	2.1333E-04	3.6124E+04	1.3675E-01	4.5032E+06
95	5.4366E+06	1.9314E+11	1.4922E+06	8.6936E-01	2.0131E-04	2.9739E-01	2.5966E-01	3.3132E-04	4.5676E-04	1.5510E+00	6.5984E+09	1.8796E-02	6.0974E+05	1.5512E+09	0.0000E+00	2.8574E+02	2.0131E-04	2.0131E-04	7.9444E+02	2.0131E-04	2.8404E+04	1.5354E+02	2.0131E-04	3.4303E+04	1.3043E-01	4.7916E+06
96	5.8184E+06	1.8276E+11	1.5100E+06	8.6667E-01	1.9018E-04	3.1749E-01	2.7258E-01	3.4056E-04	5.6569E-04	1.6420E+00	6.0980E+09	2.4016E-02	6.7947E+05	1.3063E+09	0.0000E+00	2.4019E+02	1.9018E-04	1.9018E-04	6.9280E+02	1.9018E-04	2.5432E+04	1.7242E+02	1.9018E-04	3.2539E+04	1.2425E-01	5.1055E+06
97	6.2498E+06	1.7329E+11	1.5338E+06	8.7104E-01	1.8004E-04	3.3797E-01	2.8634E-01	3.4733E-04	7.0472E-04	1.7413E+00	5.6376E+09	3.0778E-02	7.5631E+05	1.0974E+09	0.0000E+00	2.0267E+02	1.8004E-04	1.8004E-04	5.9610E+02	1.8004E-04	2.2728E+04	1.9385E+02	1.8004E-04	3.0854E+04	1.1826E-01	5.4618E+06
98	6.7541E+06	1.6475E+11	1.5672E+06	8.8544E-01	1.7090E-04	3.5932E-01	3.0151E-01	3.5179E-04	8.8657E-04	1.8529E+00	5.2168E+09	3.9718E-02	8.4211E+05	9.1794E+08	0.0000E+00	1.7202E+02	1.7090E-04	1.7090E-04	5.1315E+02	1.7090E-04	2.0254E+04	2.1864E+02	1.7090E-04	2.9245E+04	1.1245E-01	5.8820E+06
99	7.3590E+06	1.5712E+11	1.6127E+06	9.1149E-01	1.6273E-04	3.8135E-01	3.1886E-01	3.5320E-04	1.1285E-03	1.9817E+00	4.8328E+09	5.1808E-02	9.3923E+05	7.6252E+08	0.0000E+00	1.4660E+02	1.6273E-04	1.6273E-04	4.3522E+02	1.6273E-04	1.7959E+04	2.4741E+02	1.6273E-04	2.7692E+04	1.0673E-01	6.3914E+06
100	8.0943E+06	1.5023E+11	1.6722E+06	9.4871E-01	1.5536E-04	4.0266E-01	3.3937E-01	3.4991E-04	1.4518E-03	2.1327E+00	4.4798E+09	6.8504E-02	1.0505E+06	6.2677E+08	0.0000E+00	1.2458E+02	1.5536E-04	1.5536E-04	3.6065E+02	1.5536E-04	1.5794E+04	2.8014E+02	1.5536E-04	2.6145E+04	1.0090E-01	7.0170E+06
101	8.9896E+06	1.4387E+11	1.7456E+06	9.9334E-01	1.4855E-04	4.2019E-01	3.6423E-01	3.3957E-04	1.8777E-03	2.3109E+00	4.1502E+09	9.1966E-02	1.1791E+06	5.0761E+08	0.0000E+00	1.0485E+02	1.4855E-04	1.4855E-04	2.8756E+02	1.4855E-04	1.3722E+04	3.1541E+02	1.4855E-04	2.4539E+04	9.4756E-02	7.7853E+06
102	1.0070E+07	1.3771E+11	1.8312E+06	1.0372E+00	1.4197E-04	4.2885E-01	3.9481E-01	3.1959E-04	2.4200E-03	2.5204E+00	3.8358E+09	1.2533E-01	1.3281E+06	4.0320E+08	0.0000E+00	8.6567E+01	1.4197E-04	1.4197E-04	2.1883E+02	1.4197E-04	1.1725E+04	3.4938E+02	1.4197E-04	2.2807E+04	8.8049E-02	8.7182E+06
103	1.1353E+07	1.3145E+11	1.9252E+06	1.0664E+00	1.3532E-04	4.2229E-01	4.3266E-01	2.8805E-04	3.0738E-03	2.7647E+00	3.5299E+09	1.7314E-01	1.5010E+06	3.1278E+08	0.0000E+00	6.9199E+01	1.3532E-04	1.3532E-04	1.5708E+02	1.3532E-04	9.8117E+03	3.7540E+02	1.3532E-04	2.0899E+04	8.0638E-02	9.8307E+06
104	1.2853E+07	1.2469E+11	2.0205E+06	1.0610E+00	1.2818E-04	3.9466E-01	4.7963E-01	2.4482E-04	3.8049E-03	3.0491E+00	3.2254E+09	2.4173E-01	1.6994E+06	2.3605E+08	0.0000E+00	5.2657E+01	1.2818E-04	1.2818E-04	1.0442E+02	1.2818E-04	8.0164E+03	3.8473E+02	1.2818E-04	1.8796E+04	7.2581E-02	1.1115E+07
105	1.4585E+07	1.1725E+11	2.1117E+06	1.0093E+00	1.2038E-04	3.4588E-01	5.3783E-01	1.9413E-04	4.5591E-03	3.3805E+00	2.9220E+09	3.4034E-01	1.9264E+06	1.7308E+08	0.0000E+00	3.7722E+01	1.2038E-04	1.2038E-04	6.3610E+01	1.2038E-04	6.3926E+03	3.7127E+02	1.2038E-04	1.6555E+04	6.4158E-02	1.2561E+07
106	1.6533E+07	1.0898E+11	2.1909E+06	9.0775E-01	1.1176E-04	2.8318E-01	6.0996E-01	1.4342E-04	5.2867E-03	3.7633E+00	2.6198E+09	4.8081E-01	2.1823E+06	1.2329E+08	0.0000E+00	2.5116E+01	1.1176E-04	1.1176E-04	3.5508E+01	1.1176E-04	4.9856E+03	3.3532E+02	1.1176E-04	1.4267E+04	5.5670E-02	1.4129E+07
107	1.8650E+07	9.9858E+10	2.2515E+06	7.7181E-01	1.0231E-04	2.1849E-01	6.9950E-01	1.0231E-04	5.9747E-03	4.2003E+00	2.3222E+09	6.7770E-01	2.4668E+06	8.5568E+07	0.0000E+00	1.5445E+01	1.0231E-04	1.0231E-04	1.8427E+01	1.0231E-04	3.8244E+03	2.8503E+02	1.0231E-04	1.2058E+04	4.7489E-02	1.5770E+07
108	2.0863E+07	9.0088E+10	2.2901E+06	6.2775E-01	9.2225E-05	1.6206E-01	8.1104E-01	9.2225E-05	6.6589E-03	4.6920E+00	2.0353E+09	9.4757E-01	2.7785E+06	5.8179E+07	0.0000E+00	8.7962E+00	9.2225E-05	9.2225E-05	9.1267E+00	9.2225E-05	2.9105E+03	2.3169E+02	9.2225E-05	1.0047E+04	3.9957E-02	1.7434E+07
109	2.3085E+07	8.0009E+10	2.3073E+06	4.9767E-01	8.1861E-05	1.1839E-01	9.5044E-01	8.1861E-05	7.4102E-03	5.2371E+00	1.7650E+09	1.3074E+00	3.1136E+06	3.9020E+07	0.0000E+00	4.6959E+00	8.1861E-05	8.1861E-05	4.4463E+00	8.1861E-05	2.2189E+03	1.8377E+02	8.1861E-05	8.3048E+03	3.3307E-02	1.9079E+07
110	2.5241E+07	7.0061E+10	2.3088E+06	3.9205E-01	7.1656E-05	8.7112E-02	1.1252E+00	7.1656E-05	8.3163E-03	5.8345E+00	1.5171E+09	1.7735E+00	3.4668E+06	2.6015E+07	0.0000E+00	2.3993E+00	7.1656E-05	7.1656E-05	2.1890E+00	7.1656E-05	1.7101E+03	1.4496E+02	7.1656E-05	6.8570E+03	2.7647E-02	2.0680E+07
111	2.7293E+07	6.0687E+10	2.3048E+06	3.1194E-01	6.2056E-05	6.5743E-02	1.3449E+00	6.2056E-05	9.4760E-03	6.4841E+00	1.2962E+09	2.3613E+00	3.8329E+06	1.7385E+07	0.0000E+00	1.2038E+00	6.2056E-05	6.2056E-05	1.1125E+00	6.2056E-05	1.3428E+03	1.1552E+02	6.2056E-05	5.6922E+03	2.2981E-02	2.2243E+07
112	2.9241E+07	5.2221E+10	2.3055E+06	2.5357E-01	5.3396E-05	5.1451E-02	1.6214E+00	5.3396E-05	1.0987E-02	7.1875E+00	1.1046E+09	3.0871E+00	4.2085E+06	1.1734E+07	0.0000E+00	6.1197E-01	5.3396E-05	5.3396E-05	5.9277E-01	5.3396E-05	1.0800E+03	9.3951E+01	5.3396E-05	4.7764E+03	1.9233E-02	2.3788E+07
113	3.1121E+07	4.4829E+10	2.3195E+06	2.1218E-01	4.5843E-05	4.1925E-02	1.9678E+00	4.5843E-05	1.2946E-02	7.9472E+00	9.4218E+08	3.9689E+00	4.5911E+06	8.0458E+06	0.0000E+00	3.2038E-01	4.5843E-05	4.5843E-05	3.3241E-01	4.5843E-05	8.9148E+02	7.8351E+01	4.5843E-05	4.0642E+03	1.6270E-02	2.5344E+07
114	3.2973E+07	3.8530E+10	2.3516E+06	1.8345E-01	3.9409E-05	3.5528E-02	2.3986E+00	3.9409E-05	1.5441E-02	8.7656E+00	8.0648E+08	5.0267E+00	4.9790E+06	5.6249E+06	0.0000E+00	1.7573E-01	3.9409E-05	3.9409E-05	1.9639E-01	3.9409E-05	7.5504E+02	6.7039E+01	3.9409E-05	3.5112E+03	1.3943E-02	2.6931E+07
115	3.4837E+07	3.3239E+10	2.4016E+06	1.6380E-01	3.4008E-05	3.1133E-02	2.9283E+00	3.4008E-05	1.8543E-02	9.6436E+00	6.9402E+08	6.2808E+00	5.3704E+06	4.0159E+06	0.0000E+00	1.0133E-01	3.4008E-05	3.4008E-05	1.2162E-01	3.4008E-05	6.5435E+02	5.8696E+01	3.4008E-05	3.0789E+03	1.2112E-02	2.8560E+07
116	3.6735E+07	2.8823E+10	2.4680E+06	1.5065E-01	2.9503E-05	2.8039E-02	3.5721E+00	2.9503E-05	2.2322E-02	1.0580E+01	6.0100E+08	7.7496E+00	5.7634E+06	2.9283E+06	0.0000E+00	6.1429E-02	2.9503E-05	2.9503E-05	7.8523E-02	2.9503E-05	5.7840E+02	5.2406E+01	2.9503E-05	2.7371E+03	1.0661E-02	3.0230E+07
117	3.8675E+07	2.5141E+10	2.5492E+06	1.4225E-01	2.5747E-05	2.5820E-02	4.3466E+00	2.5747E-05	2.6866E-02	1.1572E+01	5.2387E+08	9.4478E+00	6.1558E+06	2.1786E+06	0.0000E+00	3.9142E-02	2.5747E-05	2.5747E-05	5.2636E-02	2.5747E-05	5.1993E+02	4.7563E+01	2.5747E-05	2.4626E+03	9.4948E-03	3.1936E+07
118	4.0655E+07	2.2060E+10	2.6282E+06	1.3588E-01	2.2605E-05	2.3936E-02	5.2514E+00	2.2605E-05	3.1992E-02	1.2615E+01	4.5957E+08	1.1383E+01	6.5450E+06	1.6514E+06	0.0000E+00	2.5902E-02	2.2605E-05	2.2605E-05	3.6234E-02	2.2605E-05	4.7134E+02	4.3511E+01	2.2605E-05	2.2386E+03	8.5432E-03	3.3663E+07
119	4.2660E+07	1.9467E+10	2.6371E+06	1.2467E-01	1.9961E-05	2.1221E-02	6.1989E+00	1.9961E-05	3.6215E-02	1.3701E+01	4.0555E+08	1.3556E+01	6.9279E+06	1.2730E+06	0.0000E+00	1.7292E-02	1.9961E-05	1.9961E-05	2.4910E-02	1.9961E-05	4.1966E+02	3.9081E+01	1.9961E-05	2.0526E+03	7.7530E-03	3.5397E+07
120	4.4673E+07	1.7267E+10	2.4986E+06	1.0331E-01	1.7720E-05	1.6930E-02	7.0113E+00	1.7720E-05	3.7117E-02	1.4824E+01	3.5980E+08	1.5955E+01	7.3014E+06	9.9630E+05	0.0000E+00	1.1259E-02	1.7720E-05	1.7720E-05	1.6557E-02	1.7720E-05	3.5571E+02	3.3414E+01	1.7720E-05	1.8957E+03	7.0848E-03	3.7122E+07
121	4.6670E+07	1.5388E+10	2.2076E+06	7.5254E-02	1.5805E-05	1.1847E-02	7.5470E+00	1.5805E-05	3.3825E-02	1.5975E+01	3.2073E+08	1.8556E+01	7.6621E+06	7.9021E+05	0.0000E+00	7.0377E-03	1.5805E-05	1.5805E-05	1.0483E-02	1.5805E-05	2.8315E+02	2.6831E+01	1.5805E-05	1.7610E+03	6.5094E-03	3.8827E+07
122	4.8628E+07	1.3771E+10	1.8085E+06	4.7557E-02	1.4158E-05	7.1843E-03	7.7416E+00	1.4158E-05	2.7303E-02	1.7144E+01	2.8707E+08	2.1323E+01	8.0065E+06	6.3411E+05	0.0000E+00	4.1889E-03	1.4158E-05	1.4158E-05	6.2744E-03	1.4158E-05	2.1024E+02	2.0101E+01	1.4158E-05	1.6437E+03	6.0043E-03	4.0498E+07
123	5.0520E+07	1.2369E+10	1.3242E+06	2.4240E-02	1.2729E-05	3.5103E-03	7.4991E+00	1.2729E-05	1.8665E-02	1.8322E+01	2.5784E+08	2.4209E+01	8.3313E+06	5.1400E+05	0.0000E+00	2.2923E-03	1.2729E-05	1.2729E-05	3.4185E-03	1.2729E-05	1.4029E+02	1.3542E+01	1.2729E-05	1.5398E+03	5.5532E-03	4.2125E+07
124	5.2327E+07	1.1144E+10	8.4559E+05	9.4895E-03	1.1482E-05	1.3148E-03	6.9504E+00	1.1482E-05	1.0680E-02	1.9500E+01	2.3227E+08	2.7154E+01	8.6336E+06	4.2026E+05	0.0000E+00	1.1341E-03	1.1482E-05	1.1482E-05	1.6513E-03	1.1482E-05	8.2011E+01	7.9971E+00	1.1482E-05	1.4466E+03	5.1437E-03	4.3702E+07
125	5.4030E+07	1.0069E+10	4.7599E+05	2.9296E-03	1.0388E-05	3.8557E-04	6.4229E+00	1.0388E-05	5.3873E-03	2.0669E+01	2.0977E+08	3.0097E+01	8.9107E+06	3.4615E+05	0.0000E+00	5.2436E-04	1.0388E-05	1.0388E-05	7.1415E-04	1.0388E-05	4.2415E+01	4.1797E+00	1.0388E-05	1.3617E+03	4.7671E-03	4.5225E+07
126	5.5618E+07	9.1192E+09	2.5377E+05	8.3974E-04	9.4211E-06	1.0239E-04	6.1893E+00	9.4211E-06	2.6920E-03	2.1823E+01	1.8985E+08	3.2973E+01	9.1606E+06	2.8691E+05	0.0000E+00	2.5272E-04	9.4211E-06	9.4211E-06	2.9728E-04	9.4211E-06	2.0837E+01	2.0755E+00	9.4211E-06	1.2838E+03	4.4177E-03	4.6691E+07
127	5.7086E+07	8.2761E+09	1.4482E+05	2.9401E-04	8.5632E-06	3.1599E-05	6.2932E+00	8.5632E-06	1.5240E-03	2.2959E+01	1.7213E+08	3.5722E+01	9.3813E+06	2.3910E+05	0.0000E+00	1.4465E-04	8.5632E-06	8.5632E-06	1.3489E-04	8.5632E-06	1.0984E+01	1.1063E+00	8.5632E-06	1.2116E+03	4.0918E-03	4.8100E+07
128	5.8436E+07	7.5241E+09	9.4220E+04	1.4174E-04	7.7981E-06	1.2900E-05	6.6190E+00	7.7981E-06	1.0209E-03	2.4075E+01	1.5630E+08	3.8285E+01	9.5712E+06	2.0021E+05	0.0000E+00	9.9726E-05	7.7981E-06	7.7981E-06	7.1173E-05	7.7981E-06	6.6169E+00	6.7466E-01	7.7981E-06	1.1446E+03	3.7877E-03	4.9452E+07
129	5.9685E+07	6.8504E+09	6.7098E+04	8.4750E-05	7.1129E-06	7.1129E-06	7.0559E+00	7.1129E-06	7.6111E-04	2.5175E+01	1.4208E+08	4.0618E+01	9.7288E+06	1.6835E+05	0.0000E+00	7.7084E-05	7.1129E-06	7.1129E-06	4.1978E-05	7.1129E-06	4.3739E+00	4.5210E-01	7.1129E-06	1.0824E+03	3.5045E-03	5.0752E+07
130	6.0865E+07	6.2449E+09	4.9720E+04	5.6737E-05	6.4971E-06	6.4971E-06	7.5541E+00	6.4971E-06	5.9452E-04	2.6271E+01	1.2928E+08	4.2694E+01	9.8535E+06	1.4211E+05	0.0000E+00	6.3445E-05	6.4971E-06	6.4971E-06	2.6378E-05	6.4971E-06	3.0147E+00	3.1620E-01	6.4971E-06	1.0248E+03	3.2424E-03	5.2015E+07
131	6.2027E+07	5.6992E+09	3.7585E+04	4.0842E-05	5.9423E-06	5.9423E-06	8.0997E+00	5.9423E-06	4.7542E-04	2.7380E+01	1.1773E+08	4.4514E+01	9.9460E+06	1.2038E+05	0.0000E+00	5.4335E-05	5.9423E-06	5.9423E-06	1.7373E-05	5.9423E-06	2.1236E+00	2.2614E-01	5.9423E-06	9.7171E+02	3.0014E-03	5.3266E+07
132	6.3239E+07	5.2059E+09	2.8922E+04	3.1097E-05	5.4411E-06	5.4411E-06	8.6914E+00	5.4411E-06	3.8789E-04	2.8527E+01	1.0724E+08	4.6083E+01	1.0005E+07	1.0229E+05	0.0000E+00	4.7834E-05	5.4411E-06	5.4411E-06	1.1996E-05	5.4411E-06	1.5253E+00	1.6492E-01	5.4411E-06	9.2331E+02	2.7817E-03	5.4541E+07
133	6.4577E+07	4.7584E+09	2.2690E+04	2.4717E-05	4.9866E-06	4.9866E-06	9.3323E+00	4.9866E-06	3.2315E-04	2.9745E+01	9.7692E+07	4.7319E+01	1.0008E+07	8.7151E+04	0.0000E+00	4.2927E-05	4.9866E-06	4.9866E-06	8.6999E-06	4.9866E-06	1.1185E+00	1.2275E-01	4.9866E-06	8.7977E+02	2.5826E-03	5.5887E+07
134	6.6127E+07	4.3499E+09	1.8158E+04	2.0266E-05	4.5724E-06	4.5724E-06	1.0029E+01	4.5724E-06	2.7497E-04	3.1070E+01	8.8936E+07	4.8351E+01	9.9790E+06	7.4408E+04	0.0000E+00	3.9037E-05	4.5724E-06	4.5724E-06	6.6206E-06	4.5724E-06	8.3786E-01	9.3272E-02	4.5724E-06	8.4136E+02	2.4035E-03	5.7365E+07
135	6.7981E+07	3.9745E+09	1.4821E+04	1.6978E-05	4.1924E-06	4.1924E-06	1.0792E+01	4.1924E-06	2.3893E-04	3.2545E+01	8.0864E+07	4.9129E+01	9.9033E+06	6.3618E+04	0.0000E+00	3.5825E-05	4.1924E-06	4.1924E-06	5.2672E-06	4.1924E-06	6.4096E-01	7.2327E-02	4.1924E-06	8.0851E+02	2.2428E-03	5.9052E+07
136	7.0230E+07	3.6266E+09	1.2329E+04	1.4432E-05	3.8411E-06	3.8411E-06	1.1638E+01	3.8411E-06	2.1193E-04	3.4216E+01	7.3381E+07	4.9608E+01	9.7713E+06	5.4431E+04	0.0000E+00	3.3077E-05	3.8411E-06	3.8411E-06	4.3574E-06	3.8411E-06	5.0049E-01	5.7211E-02	3.8411E-06	7.8180E+02	2.0987E-03	6.1041E+07
137	7.2961E+07	3.3014E+09	1.0441E+04	1.2383E-05	3.5138E-06	3.5138E-06	1.2587E+01	3.5138E-06	1.9174E-04	3.6122E+01	6.6366E+07	4.9739E+01	9.5767E+06	4.6569E+04	0.0000E+00	3.0655E-05	3.5138E-06	3.5138E-06	3.7252E-06	3.5138E-06	3.9849E-01	4.6137E-02	3.5138E-06	7.6183E+02	1.9686E-03	6.3440E+07
138	7.6241E+07	2.9949E+09	8.9832E+03	1.0681E-05	3.2066E-06	3.2066E-06	1.3662E+01	3.2066E-06	1.7669E-04	3.8294E+01	5.9750E+07	4.9456E+01	9.3147E+06	3.9810E+04	0.0000E+00	2.8460E-05	3.2066E-06	3.2066E-06	3.2705E-06	3.2066E-06	3.2306E-01	3.7902E-02	3.2066E-06	7.4918E+02	1.8493E-03	6.6359E+07
139	8.0098E+07	2.7041E+09	7.8309E+03	9.2311E-06	2.9166E-06	2.9166E-06	1.4881E+01	2.9166E-06	1.6541E-04	4.0739E+01	5.3546E+07	4.8674E+01	8.9817E+06	3.3979E+04	0.0000E+00	2.6411E-05	2.9166E-06	2.9166E-06	2.9310E-06	2.9166E-06	2.6604E-01	3.1665E-02	2.9166E-06	7.4412E+02	1.7370E-03	6.9889E+07
140	8.4507E+07	2.4269E+09	6.8894E+03	7.9715E-06	2.6418E-06	2.6418E-06	1.6256E+01	2.6418E-06	1.5666E-04	4.3431E+01	4.7734E+07	4.7315E+01	8.5780E+06	2.8933E+04	0.0000E+00	2.4449E-05	2.6418E-06	2.6418E-06	2.6663E-06	2.6418E-06	2.2178E-01	2.6834E-02	2.6418E-06	7.4650E+02	1.6276E-03	7.4077E+07
141	8.9381E+07	2.1628E+09	6.0925E+03	6.8641E-06	2.3815E-06	2.3815E-06	1.7776E+01	2.3815E-06	1.4937E-04	4.6302E+01	4.2288E+07	4.5340E+01	8.1093E+06	2.4561E+04	0.0000E+00	2.2534E-05	2.3815E-06	2.3815E-06	2.4499E-06	2.3815E-06	1.8648E-01	2.2990E-02	2.3815E-06	7.5557E+02	1.5175E-03	7.8906E+07
142	9.4568E+07	1.9124E+09	5.3947E+03	5.8870E-06	2.1360E-06	2.1360E-06	1.9403E+01	2.1360E-06	1.4258E-04	4.9239E+01	3.7218E+07	4.2769E+01	7.5859E+06	2.0777E+04	0.0000E+00	2.0648E-05	2.1360E-06	2.1360E-06	2.2638E-06	2.1360E-06	1.5761E-01	1.9842E-02	2.1360E-06	7.7002E+02	1.4047E-03	8.4264E+07
143	9.9869E+07	1.6770E+09	4.7685E+03	5.0289E-06	1.9064E-06	1.9064E-06	2.1064E+01	1.9064E-06	1.3551E-04	5.2092E+01	3.2544E+07	3.9665E+01	7.0173E+06	1.7511E+04	0.0000E+00	1.8798E-05	1.9064E-06	1.9064E-06	2.0961E-06	1.9064E-06	1.3352E-01	1.7190E-02	1.9064E-06	7.8796E+02	1.2888E-03	8.9946E+07
144	1.0507E+08	1.4583E+09	4.2010E+03	4.2847E-06	1.6938E-06	1.6938E-06	2.2647E+01	1.6938E-06	1.2764E-04	5.4687E+01	2.8287E+07	3.6203E+01	6.4248E+06	1.4705E+04	0.0000E+00	1.7012E-05	1.6938E-06	1.6938E-06	1.9398E-06	1.6938E-06	1.1322E-01	1.4908E-02	1.6938E-06	8.0712E+02	1.1710E-03	9.5661E+07
145	1.0996E+08	1.2582E+09	3.6874E+03	3.6497E-06	1.4996E-06	1.4996E-06	2.4017E+01	1.4996E-06	1.1873E-04	5.6853E+01	2.4458E+07	3.2598E+01	5.8315E+06	1.2307E+04	0.0000E+00	1.5327E-05	1.4996E-06	1.4996E-06	1.7912E-06	1.4996E-06	9.6056E-02	1.2915E-02	1.4996E-06	8.2501E+02	1.0540E-03	1.0107E+08
146	1.1434E+08	1.0780E+09	3.2269E+03	3.1179E-06	1.3245E-06	1.3245E-06	2.5037E+01	1.3245E-06	1.0878E-04	5.8436E+01	2.1065E+07	2.9020E+01	5.2525E+06	1.0272E+04	0.0000E+00	1.3777E-05	1.3245E-06	1.3245E-06	1.6496E-06	1.3245E-06	8.1573E-02	1.1166E-02	1.3245E-06	8.3950E+02	9.4063E-04	1.0584E+08
147	1.1805E+08	9.1888E+08	2.8197E+03	2.6816E-06	1.1694E-06	1.1694E-06	2.5594E+01	1.1694E-06	9.8111E-05	5.9309E+01	1.8110E+07	2.5630E+01	4.7043E+06	8.5640E+03	0.0000E+00	1.2391E-05	1.1694E-06	1.1694E-06	1.5166E-06	1.1694E-06	6.9438E-02	9.6373E-03	1.1694E-06	8.4891E+02	8.3380E-04	1.0969E+08
148	1.2089E+08	7.8122E+08	2.4626E+03	2.3291E-06	1.0344E-06	1.0344E-06	2.5654E+01	1.0344E-06	8.7168E-05	5.9382E+01	1.5580E+07	2.2545E+01	4.2005E+06	7.1479E+03	0.0000E+00	1.1179E-05	1.0344E-06	1.0344E-06	1.3949E-06	1.0344E-06	5.9289E-02	8.3154E-03	1.0344E-06	8.5269E+02	7.3528E-04	1.1249E+08
149	1.2268E+08	6.6403E+08	2.1490E+03	2.0456E-06	9.1820E-07	9.1820E-07	2.5288E+01	9.1820E-07	7.6516E-05	5.8604E+01	1.3442E+07	1.9822E+01	3.7493E+06	5.9803E+03	0.0000E+00	1.0127E-05	9.1820E-07	9.1820E-07	1.2873E-06	9.1820E-07	5.0712E-02	7.1817E-03	9.1820E-07	8.5120E+02	6.4481E-04	1.1431E+08
150	1.2313E+08	5.6546E+08	1.8652E+03	1.8127E-06	8.1890E-07	8.1890E-07	2.4655E+01	8.1890E-07	6.6548E-05	5.6961E+01	1.1654E+07	1.7454E+01	3.3538E+06	5.0269E+03	0.0000E+00	9.2007E-06	8.1890E-07	8.1890E-07	1.1955E-06	8.1890E-07	4.3266E-02	6.2094E-03	8.1890E-07	8.4611E+02	5.6225E-04	1.1533E+08
151	1.2229E+08	4.8358E+08	1.6116E+03	1.6214E-06	7.3491E-07	7.3491E-07	2.3891E+01	7.3491E-07	5.7639E-05	5.4560E+01	1.0173E+07	1.5443E+01	3.0139E+06	4.2516E+03	0.0000E+00	8.3868E-06	7.3491E-07	7.3491E-07	1.1199E-06	7.3491E-07	3.6816E-02	5.3877E-03	7.3491E-07	8.3930E+02	4.8742E-04	1.1587E+08
152	1.2041E+08	4.1582E+08	1.3867E+03	1.4626E-06	6.6408E-07	6.6408E-07	2.3095E+01	6.6408E-07	4.9861E-05	5.1614E+01	8.9522E+06	1.3756E+01	2.7255E+06	3.6215E+03	0.0000E+00	7.6688E-06	6.6408E-07	6.6408E-07	1.0585E-06	6.6408E-07	3.1249E-02	4.6945E-03	6.6408E-07	8.3244E+02	4.2074E-04	1.1620E+08
153	1.1817E+08	3.5853E+08	1.1938E+03	1.3329E-06	6.0300E-07	6.0300E-07	2.2111E+01	6.0300E-07	4.2792E-05	4.8490E+01	7.9275E+06	1.2330E+01	2.4761E+06	3.1015E+03	0.0000E+00	7.0515E-06	6.0300E-07	6.0300E-07	1.0029E-06	6.0300E-07	2.6601E-02	4.0927E-03	6.0300E-07	8.2365E+02	3.6420E-04	1.1592E+08
154	1.1606E+08	3.0882E+08	1.0341E+03	1.2307E-06	5.4895E-07	5.4895E-07	2.0789E+01	5.4895E-07	3.6195E-05	4.5343E+01	7.0280E+06	1.1088E+01	2.2485E+06	2.6556E+03	0.0000E+00	6.5352E-06	5.4895E-07	5.4895E-07	9.4771E-07	5.4895E-07	2.2792E-02	3.5583E-03	5.4895E-07	8.1021E+02	3.1630E-04	1.1482E+08
155	1.1398E+08	2.6601E+08	9.0279E+02	1.1514E-06	5.0123E-07	5.0123E-07	1.9212E+01	5.0123E-07	3.0259E-05	4.2179E+01	6.2448E+06	1.0020E+01	2.0439E+06	2.2765E+03	0.0000E+00	6.1058E-06	5.0123E-07	5.0123E-07	8.9423E-07	5.0123E-07	1.9695E-02	3.0953E-03	5.0123E-07	7.9292E+02	2.7563E-04	1.1298E+08
156	1.1169E+08	2.2924E+08	7.9047E+02	1.0873E-06	4.5887E-07	4.5887E-07	1.7539E+01	4.5887E-07	2.5058E-05	3.8994E+01	5.5611E+06	9.0860E+00	1.8597E+06	1.9537E+03	0.0000E+00	5.7352E-06	4.5887E-07	4.5887E-07	8.4376E-07	4.5887E-07	1.7069E-02	2.6902E-03	4.5887E-07	7.7234E+02	2.4044E-04	1.1055E+08
157	1.0912E+08	1.9817E+08	6.9271E+02	1.0338E-06	4.2182E-07	4.2182E-07	1.5924E+01	4.2182E-07	2.0668E-05	3.5848E+01	4.9761E+06	8.2839E+00	1.6987E+06	1.6830E+03	0.0000E+00	5.4083E-06	4.2182E-07	4.2182E-07	7.9836E-07	4.2182E-07	1.4810E-02	2.3410E-03	4.2182E-07	7.5094E+02	2.0996E-04	1.0787E+08
158	1.0632E+08	1.7187E+08	6.0692E+02	9.8831E-07	3.8926E-07	3.8926E-07	1.4402E+01	3.8926E-07	1.6987E-05	3.2790E+01	4.4742E+06	7.5926E+00	1.5580E+06	1.4555E+03	0.0000E+00	5.1163E-06	3.8926E-07	3.8926E-07	7.5739E-07	3.8926E-07	1.2847E-02	2.0386E-03	3.8926E-07	7.2928E+02	1.8352E-04	1.0505E+08
159	1.0336E+08	1.4947E+08	5.3156E+02	9.4914E-07	3.6040E-07	3.6040E-07	1.2978E+01	3.6040E-07	1.3911E-05	2.9859E+01	4.0400E+06	6.9918E+00	1.4338E+06	1.2628E+03	0.0000E+00	4.8535E-06	3.6040E-07	3.6040E-07	7.1997E-07	3.6040E-07	1.1138E-02	1.7752E-03	3.6040E-07	7.0738E+02	1.6054E-04	1.0212E+08
160	1.0029E+08	1.3030E+08	4.6535E+02	9.1488E-07	3.3467E-07	3.3467E-07	1.1656E+01	3.3467E-07	1.1353E-05	2.7087E+01	3.6618E+06	6.4660E+00	1.3237E+06	1.0987E+03	0.0000E+00	4.6152E-06	3.3467E-07	3.3467E-07	6.8550E-07	3.3467E-07	9.6474E-03	1.5453E-03	3.3467E-07	6.8534E+02	1.4057E-04	9.9098E+07
161	9.7169E+07	1.1384E+08	4.0715E+02	8.8442E-07	3.1158E-07	3.1158E-07	1.0440E+01	3.1158E-07	9.2352E-06	2.4491E+01	3.3305E+06	6.0027E+00	1.2255E+06	9.5830E+02	0.0000E+00	4.3977E-06	3.1158E-07	3.1158E-07	6.5353E-07	3.1158E-07	8.3462E-03	1.3443E-03	3.1158E-07	6.6329E+02	1.2319E-04	9.6029E+07
162	9.4025E+07	9.9655E+07	3.5596E+02	8.5692E-07	2.9078E-07	2.9078E-07	9.3274E+00	2.9078E-07	7.4876E-06	2.2084E+01	3.0385E+06	5.5918E+00	1.1376E+06	8.3764E+02	0.0000E+00	4.1980E-06	2.9078E-07	2.9078E-07	6.2366E-07	2.9078E-07	7.2094E-03	1.1681E-03	2.9078E-07	6.4133E+02	1.0808E-04	9.2931E+07
163	9.0884E+07	8.7376E+07	3.1090E+02	8.3167E-07	2.7190E-07	2.7190E-07	8.3138E+00	2.7190E-07	6.0507E-06	1.9867E+01	2.7796E+06	5.2246E+00	1.0584E+06	7.3350E+02	0.0000E+00	4.0136E-06	2.7190E-07	2.7190E-07	5.9559E-07	2.7190E-07	6.2161E-03	1.0136E-03	2.7190E-07	6.1946E+02	9.4917E-05	8.9816E+07
164	8.7715E+07	7.6731E+07	2.7100E+02	8.0752E-07	2.5469E-07	2.5469E-07	7.4051E+00	2.5469E-07	4.8799E-06	1.7833E+01	2.5494E+06	4.8934E+00	9.8689E+05	6.4344E+02	0.0000E+00	3.8398E-06	2.5469E-07	2.5469E-07	5.6933E-07	2.5469E-07	5.3447E-03	8.7813E-04	2.5469E-07	5.9785E+02	8.3410E-05	8.6713E+07
165	8.4531E+07	6.7454E+07	2.3563E+02	7.8421E-07	2.3885E-07	2.3885E-07	6.5864E+00	2.3885E-07	3.9232E-06	1.5971E+01	2.3430E+06	4.5923E+00	9.2177E+05	5.6511E+02	0.0000E+00	3.6754E-06	2.3885E-07	2.3885E-07	5.4443E-07	2.3885E-07	4.5796E-03	7.5884E-04	2.3885E-07	5.7633E+02	7.3326E-05	8.3606E+07
166	8.1350E+07	5.9338E+07	2.0439E+02	7.6162E-07	2.2419E-07	2.2419E-07	5.8463E+00	2.2419E-07	3.1423E-06	1.4271E+01	2.1568E+06	4.3174E+00	8.6202E+05	4.9669E+02	0.0000E+00	3.5198E-06	2.2419E-07	2.2419E-07	5.2063E-07	2.2419E-07	3.9099E-03	6.5388E-04	2.2419E-07	5.5484E+02	6.4474E-05	8.0489E+07
167	7.8186E+07	5.2224E+07	1.7691E+02	7.3960E-07	2.1057E-07	2.1057E-07	5.1777E+00	2.1057E-07	2.5073E-06	1.2723E+01	1.9880E+06	4.0656E+00	8.0699E+05	4.3679E+02	0.0000E+00	3.3721E-06	2.1057E-07	2.1057E-07	4.9778E-07	2.1057E-07	3.3262E-03	5.6186E-04	2.1057E-07	5.3343E+02	5.6694E-05	7.7372E+07
168	7.5052E+07	4.5984E+07	1.5283E+02	7.1797E-07	1.9789E-07	1.9789E-07	4.5758E+00	1.9789E-07	1.9936E-06	1.1318E+01	1.8345E+06	3.8348E+00	7.5618E+05	3.8430E+02	0.0000E+00	3.2317E-06	1.9789E-07	1.9789E-07	4.7580E-07	1.9789E-07	2.8196E-03	4.8150E-04	1.9789E-07	5.1219E+02	4.9852E-05	7.4273E+07
169	7.1959E+07	4.0507E+07	1.3179E+02	6.9659E-07	1.8607E-07	1.8607E-07	4.0358E+00	1.8607E-07	1.5798E-06	1.0047E+01	1.6948E+06	3.6228E+00	7.0923E+05	3.3828E+02	0.0000E+00	3.0976E-06	1.8607E-07	1.8607E-07	4.5467E-07	1.8607E-07	2.3816E-03	4.1159E-04	1.8607E-07	4.9124E+02	4.3832E-05	7.1210E+07
170	6.8918E+07	3.5699E+07	1.1343E+02	6.7534E-07	1.7504E-07	1.7504E-07	3.5532E+00	1.7504E-07	1.2480E-06	8.9005E+00	1.5673E+06	3.4279E+00	6.6577E+05	2.9791E+02	0.0000E+00	2.9695E-06	1.7504E-07	1.7504E-07	4.3433E-07	1.7504E-07	2.0040E-03	3.5095E-04	1.7504E-07	4.7069E+02	3.8536E-05	6.8197E+07
171	6.5939E+07	3.1476E+07	9.7454E+01	6.5415E-07	1.6473E-07	1.6473E-07	3.1229E+00	1.6473E-07	9.8277E-07	7.8701E+00	1.4508E+06	3.2486E+00	6.2549E+05	2.6248E+02	0.0000E+00	2.8468E-06	1.6473E-07	1.6473E-07	4.1477E-07	1.6473E-07	1.6798E-03	2.9850E-04	1.6473E-07	4.5060E+02	3.3877E-05	6.5247E+07
172	6.3031E+07	2.7765E+07	8.3576E+01	6.3297E-07	1.5509E-07	1.5509E-07	2.7404E+00	1.5509E-07	7.7157E-07	6.9465E+00	1.3443E+06	3.0833E+00	5.8813E+05	2.3137E+02	0.0000E+00	2.7291E-06	1.5509E-07	1.5509E-07	3.9594E-07	1.5509E-07	1.4023E-03	2.5326E-04	1.5509E-07	4.3103E+02	2.9779E-05	6.2370E+07
173	6.0202E+07	2.4502E+07	7.1540E+01	6.1180E-07	1.4607E-07	1.4607E-07	2.4011E+00	1.4607E-07	6.0386E-07	6.1209E+00	1.2467E+06	2.9308E+00	5.5341E+05	2.0404E+02	0.0000E+00	2.6161E-06	1.4607E-07	1.4607E-07	3.7783E-07	1.4607E-07	1.1657E-03	2.1432E-04	1.4607E-07	4.1204E+02	2.6173E-05	5.9573E+07
174	5.7457E+07	2.1631E+07	6.1120E+01	5.9064E-07	1.3763E-07	1.3763E-07	2.1006E+00	1.3763E-07	4.7109E-07	5.3847E+00	1.1571E+06	2.7899E+00	5.2111E+05	1.8001E+02	0.0000E+00	2.5076E-06	1.3763E-07	1.3763E-07	3.6039E-07	1.3763E-07	9.6467E-04	1.8088E-04	1.3763E-07	3.9365E+02	2.3001E-05	5.6863E+07
175	5.4802E+07	1.9104E+07	5.2112E+01	5.6952E-07	1.2971E-07	1.2971E-07	1.8349E+00	1.2971E-07	3.6627E-07	4.7298E+00	1.0748E+06	2.6595E+00	4.9103E+05	1.5887E+02	0.0000E+00	2.4034E-06	1.2971E-07	1.2971E-07	3.4362E-07	1.2971E-07	7.9455E-04	1.5224E-04	1.2971E-07	3.7587E+02	2.0211E-05	5.4243E+07
176	5.2240E+07	1.6878E+07	4.4337E+01	5.4849E-07	1.2229E-07	1.2229E-07	1.6005E+00	1.2229E-07	2.8377E-07	4.1487E+00	9.9908E+05	2.5387E+00	4.6297E+05	1.4025E+02	0.0000E+00	2.3032E-06	1.2229E-07	1.2229E-07	3.2749E-07	1.2229E-07	6.5123E-04	1.2777E-04	1.2229E-07	3.5874E+02	1.7757E-05	5.1714E+07
177	4.9773E+07	1.4916E+07	3.7637E+01	5.2759E-07	1.1533E-07	1.1533E-07	1.3938E+00	1.1533E-07	2.1903E-07	3.6339E+00	9.2931E+05	2.4266E+00	4.3678E+05	1.2386E+02	0.0000E+00	2.2069E-06	1.1533E-07	1.1533E-07	3.1198E-07	1.1533E-07	5.3106E-04	1.0691E-04	1.1533E-07	3.4225E+02	1.5600E-05	4.9280E+07
178	4.7403E+07	1.3185E+07	3.1874E+01	5.0685E-07	1.0880E-07	1.0880E-07	1.2120E+00	1.0880E-07	1.6840E-07	3.1789E+00	8.6494E+05	2.3225E+00	4.1231E+05	1.0941E+02	0.0000E+00	2.1143E-06	1.0880E-07	1.0880E-07	2.9707E-07	1.0880E-07	4.3081E-04	8.9178E-05	1.0880E-07	3.2641E+02	1.3704E-05	4.6938E+07
179	4.5128E+07	1.1658E+07	2.6924E+01	4.8634E-07	1.0267E-07	1.0267E-07	1.0524E+00	1.0267E-07	1.2895E-07	2.7774E+00	8.0548E+05	2.2258E+00	3.8941E+05	9.6676E+01	0.0000E+00	2.0252E-06	1.0267E-07	1.0267E-07	2.8275E-07	1.0267E-07	3.4765E-04	7.4157E-05	1.0267E-07	3.1121E+02	1.2037E-05	4.4690E+07
180	4.2946E+07	1.0310E+07	2.2682E+01	4.6608E-07	9.6907E-08	9.6907E-08	9.1230E-01	9.6907E-08	9.8072E-08	2.4237E+00	7.5051E+05	2.1356E+00	3.6798E+05	8.5443E+01	0.0000E+00	1.9395E-06	9.6907E-08	9.6907E-08	2.6900E-07	9.6907E-08	2.7906E-04	6.1470E-05	9.6907E-08	2.9665E+02	1.0572E-05	4.2534E+07
181	4.0857E+07	9.1198E+06	1.9053E+01	4.4612E-07	9.1492E-08	9.1492E-08	7.8967E-01	9.1492E-08	9.1492E-08	2.1125E+00	6.9962E+05	2.0516E+00	3.4789E+05	7.5533E+01	0.0000E+00	1.8570E-06	9.1492E-08	9.1492E-08	2.5580E-07	9.1492E-08	2.2283E-04	5.0790E-05	9.1492E-08	2.8272E+02	9.2842E-06	4.0469E+07
182	3.8858E+07	8.0681E+06	1.5956E+01	4.2651E-07	8.6400E-08	8.6400E-08	6.8244E-01	8.6400E-08	8.6400E-08	1.8392E+00	6.5249E+05	1.9732E+00	3.2905E+05	6.6784E+01	0.0000E+00	1.7776E-06	8.6400E-08	8.6400E-08	2.4314E-07	8.6400E-08	1.7703E-04	4.1830E-05	8.6400E-08	2.6940E+02	8.1523E-06	3.8493E+07
183	3.6949E+07	7.1386E+06	1.3320E+01	4.0729E-07	8.1611E-08	8.1611E-08	5.8882E-01	8.1611E-08	8.1611E-08	1.5995E+00	6.0879E+05	1.9000E+00	3.1135E+05	5.9058E+01	0.0000E+00	1.7012E-06	8.1611E-08	8.1611E-08	2.3102E-07	8.1611E-08	1.3998E-04	3.4338E-05	8.1611E-08	2.5668E+02	7.1573E-06	3.6605E+07
184	3.5126E+07	6.3168E+06	1.1083E+01	3.8852E-07	7.7106E-08	7.7106E-08	5.0718E-01	7.7106E-08	7.7106E-08	1.3895E+00	5.6825E+05	1.8315E+00	2.9473E+05	5.2231E+01	0.0000E+00	1.6277E-06	7.7106E-08	7.7106E-08	2.1941E-07	7.7106E-08	1.1021E-04	2.8097E-05	7.7106E-08	2.4454E+02	6.2827E-06	3.4801E+07
185	3.3388E+07	5.5897E+06	9.1885E+00	3.7022E-07	7.2866E-08	7.2866E-08	4.3608E-01	7.2866E-08	7.2866E-08	1.2057E+00	5.3059E+05	1.7675E+00	2.7909E+05	4.6195E+01	0.0000E+00	1.5570E-06	7.2866E-08	7.2866E-08	2.0829E-07	7.2866E-08	8.6463E-05	2.2916E-05	7.2866E-08	2.3294E+02	5.5138E-06	3.3080E+07
186	3.1728E+07	4.9461E+06	7.5900E+00	3.5241E-07	6.8869E-08	6.8869E-08	3.7424E-01	6.8869E-08	6.8869E-08	1.0449E+00	4.9559E+05	1.7076E+00	2.6437E+05	4.0854E+01	0.0000E+00	1.4889E-06	6.8869E-08	6.8869E-08	1.9764E-07	6.8869E-08	6.7650E-05	1.8631E-05	6.8869E-08	2.2188E+02	4.8373E-06	3.1436E+07
187	3.0139E+07	4.3760E+06	6.2452E+00	3.3504E-07	6.5094E-08	6.5094E-08	3.2054E-01	6.5094E-08	6.5094E-08	9.0433E-01	4.6301E+05	1.6517E+00	2.5048E+05	3.6127E+01	0.0000E+00	1.4231E-06	6.5094E-08	6.5094E-08	1.8744E-07	6.5094E-08	5.2850E-05	1.5102E-05	6.5094E-08	2.1131E+02	4.2415E-06	2.9867E+07
188	2.8611E+07	3.8709E+06	5.1175E+00	3.1805E-07	6.1518E-08	6.1518E-08	2.7400E-01	6.1518E-08	6.1518E-08	7.8122E-01	4.3265E+05	1.5994E+00	2.3736E+05	3.1940E+01	0.0000E+00	1.3592E-06	6.1518E-08	6.1518E-08	1.7765E-07	6.1518E-08	4.1284E-05	1.2208E-05	6.1518E-08	2.0121E+02	3.7158E-06	2.8366E+07
189	2.7136E+07	3.4230E+06	4.1752E+00	3.0138E-07	5.8119E-08	5.8119E-08	2.3374E-01	5.8119E-08	5.8119E-08	6.7338E-01	4.0432E+05	1.5507E+00	2.2495E+05	2.8230E+01	0.0000E+00	1.2969E-06	5.8119E-08	5.8119E-08	1.6826E-07	5.8119E-08	3.2303E-05	9.8438E-06	5.8119E-08	1.9155E+02	3.2513E-06	2.6931E+07
190	2.5709E+07	3.0262E+06	3.3911E+00	2.8502E-07	5.4889E-08	5.4889E-08	1.9904E-01	5.4889E-08	5.4889E-08	5.7906E-01	3.7790E+05	1.5054E+00	2.1322E+05	2.4946E+01	0.0000E+00	1.2359E-06	5.4889E-08	5.4889E-08	1.5925E-07	5.4889E-08	2.5365E-05	7.9218E-06	5.4889E-08	1.8234E+02	2.8408E-06	2.5562E+07
191	2.4345E+07	2.6745E+06	2.7413E+00	2.6917E-07	5.1829E-08	5.1829E-08	1.6912E-01	5.1829E-08	5.1829E-08	4.9711E-01	3.5322E+05	1.4631E+00	2.0211E+05	2.2035E+01	0.0000E+00	1.1769E-06	5.1829E-08	5.1829E-08	1.5063E-07	5.1829E-08	2.0045E-05	6.3607E-06	5.1829E-08	1.7354E+02	2.4800E-06	2.4255E+07
192	2.3073E+07	2.3650E+06	2.2073E+00	2.5417E-07	4.8989E-08	4.8989E-08	1.4361E-01	4.8989E-08	4.8989E-08	4.2696E-01	3.3031E+05	1.4236E+00	1.9178E+05	1.9475E+01	0.0000E+00	1.1210E-06	4.8989E-08	4.8989E-08	1.4252E-07	4.8989E-08	1.6005E-05	5.1021E-06	4.8989E-08	1.6529E+02	2.1666E-06	2.3029E+07
193	2.1952E+07	2.0902E+06	1.7690E+00	2.4085E-07	4.6389E-08	4.6389E-08	1.2143E-01	4.6389E-08	4.6389E-08	3.6811E-01	3.0908E+05	1.3843E+00	1.8197E+05	1.7207E+01	0.0000E+00	1.0714E-06	4.6389E-08	4.6389E-08	1.3484E-07	4.6389E-08	1.2967E-05	4.0744E-06	4.6389E-08	1.5740E+02	1.9006E-06	2.1856E+07
194	2.1008E+07	1.8536E+06	1.4175E+00	2.2959E-07	4.4140E-08	4.4140E-08	1.0298E-01	4.4140E-08	4.4140E-08	3.2010E-01	2.8917E+05	1.3474E+00	1.7331E+05	1.5242E+01	0.0000E+00	1.0289E-06	4.4140E-08	4.4140E-08	1.2809E-07	4.4140E-08	1.0711E-05	3.2603E-06	4.4140E-08	1.5038E+02	1.6780E-06	2.0816E+07
195	2.0156E+07	1.6549E+06	1.1401E+00	2.1948E-07	4.2230E-08	4.2230E-08	8.8564E-02	4.2230E-08	4.2230E-08	2.8003E-01	2.7206E+05	1.3171E+00	1.6641E+05	1.3619E+01	0.0000E+00	9.8991E-07	4.2230E-08	4.2230E-08	1.2273E-07	4.2230E-08	9.0836E-06	2.6479E-06	4.2230E-08	1.4485E+02	1.4890E-06	1.9980E+07
196	1.9370E+07	1.4787E+06	9.1470E-01	2.0984E-07	4.0477E-08	4.0477E-08	7.6363E-02	4.0477E-08	4.0477E-08	2.4533E-01	2.5727E+05	1.2886E+00	1.6009E+05	1.2182E+01	0.0000E+00	9.5241E-07	4.0477E-08	4.0477E-08	1.1767E-07	4.0477E-08	7.8672E-06	2.1611E-06	4.0477E-08	1.3979E+02	1.3230E-06	1.9211E+07
197	1.8633E+07	1.3203E+06	7.3095E-01	2.0071E-07	3.8831E-08	3.8831E-08	6.5774E-02	3.8831E-08	3.8831E-08	2.1489E-01	2.4385E+05	1.2616E+00	1.5414E+05	1.0891E+01	0.0000E+00	9.1679E-07	3.8831E-08	3.8831E-08	1.1285E-07	3.8831E-08	6.9259E-06	1.7680E-06	3.8831E-08	1.3502E+02	1.1754E-06	1.8480E+07
198	1.7932E+07	1.1778E+06	5.8161E-01	1.9203E-07	3.7273E-08	3.7273E-08	5.6572E-02	3.7273E-08	3.7273E-08	1.8804E-01	2.3134E+05	1.2361E+00	1.4851E+05	9.7288E+00	0.0000E+00	8.8278E-07	3.7273E-08	3.7273E-08	1.0826E-07	3.7273E-08	6.1842E-06	1.4505E-06	3.7273E-08	1.3048E+02	1.0437E-06	1.7783E+07
199	1.7262E+07	1.0496E+06	4.6073E-01	1.8371E-07	3.5791E-08	3.5791E-08	4.8586E-02	3.5791E-08	3.5791E-08	1.6433E-01	2.1959E+05	1.2120E+00	1.4316E+05	8.6837E+00	0.0000E+00	8.5008E-07	3.5791E-08	3.5791E-08	1.0387E-07	3.5791E-08	5.5928E-06	1.1948E-06	3.5791E-08	1.2618E+02	9.2604E-07	1.7116E+07
200	1.6619E+07	9.3408E+05	3.6323E-01	1.7573E-07	3.4376E-08	3.4376E-08	4.1653E-02	3.4376E-08	3.4376E-08	1.4338E-01	2.0848E+05	1.1891E+00	1.3805E+05	7.7430E+00	0.0000E+00	8.1855E-07	3.4376E-08	3.4376E-08	9.9659E-08	3.4376E-08	5.1150E-06	9.8906E-07	3.4376E-08	1.2207E+02	8.2076E-07	1.6476E+07
201	1.6000E+07	8.3001E+05	2.8488E-01	1.6804E-07	3.3018E-08	3.3018E-08	3.5634E-02	3.3018E-08	3.3018E-08	1.2485E-01	1.9790E+05	1.1674E+00	1.3316E+05	6.8956E+00	0.0000E+00	7.8804E-07	3.3018E-08	3.3018E-08	9.5596E-08	3.3018E-08	4.7226E-06	8.2351E-07	3.3018E-08	1.1813E+02	7.2654E-07	1.5857E+07
202	1.5401E+07	7.3633E+05	2.2219E-01	1.6060E-07	3.1714E-08	3.1714E-08	3.0420E-02	3.1714E-08	3.1714E-08	1.0848E-01	1.8779E+05	1.1467E+00	1.2845E+05	6.1330E+00	0.0000E+00	7.5838E-07	3.1714E-08	3.1714E-08	9.1672E-08	3.1714E-08	4.3939E-06	6.9050E-07	3.1714E-08	1.1434E+02	6.4220E-07	1.5260E+07
203	1.4820E+07	6.5216E+05	1.7232E-01	1.5338E-07	3.0459E-08	3.0459E-08	2.5919E-02	3.0459E-08	3.0459E-08	9.4031E-02	1.7815E+05	1.1271E+00	1.2393E+05	5.4479E+00	0.0000E+00	7.2942E-07	3.0459E-08	3.0459E-08	8.7883E-08	3.0459E-08	4.1127E-06	5.8386E-07	3.0459E-08	1.1073E+02	5.6673E-07	1.4684E+07
204	1.4255E+07	5.7664E+05	1.3286E-01	1.4635E-07	2.9248E-08	2.9248E-08	2.2040E-02	2.9248E-08	2.9248E-08	8.1291E-02	1.6896E+05	1.1086E+00	1.1957E+05	4.8333E+00	0.0000E+00	7.0111E-07	2.9248E-08	2.9248E-08	8.4222E-08	2.9248E-08	3.8671E-06	4.9836E-07	2.9248E-08	1.0727E+02	4.9927E-07	1.4128E+07
205	1.3704E+07	5.0888E+05	1.0179E-01	1.3952E-07	2.8076E-08	2.8076E-08	1.8695E-02	2.8076E-08	2.8076E-08	7.0077E-02	1.6017E+05	1.0910E+00	1.1536E+05	4.2818E+00	0.0000E+00	6.7343E-07	2.8076E-08	2.8076E-08	8.0669E-08	2.8076E-08	3.6482E-06	4.2965E-07	2.8076E-08	1.0396E+02	4.3905E-07	1.3588E+07
206	1.3167E+07	4.4812E+05	7.7464E-02	1.3289E-07	2.6939E-08	2.6939E-08	1.5809E-02	2.6939E-08	2.6939E-08	6.0226E-02	1.5171E+05	1.0741E+00	1.1124E+05	3.7871E+00	0.0000E+00	6.4639E-07	2.6939E-08	2.6939E-08	7.7207E-08	2.6939E-08	3.4493E-06	3.7420E-07	2.6939E-08	1.0075E+02	3.8537E-07	1.3061E+07
207	1.2644E+07	3.9371E+05	5.8533E-02	1.2645E-07	2.5834E-08	2.5834E-08	1.3323E-02	2.5834E-08	2.5834E-08	5.1596E-02	1.4354E+05	1.0580E+00	1.0720E+05	3.3436E+00	0.0000E+00	6.1998E-07	2.5834E-08	2.5834E-08	7.3824E-08	2.5834E-08	3.2658E-06	3.2928E-07	2.5834E-08	9.7647E+01	3.3761E-07	1.2546E+07
208	1.2135E+07	3.4511E+05	4.3909E-02	1.2020E-07	2.4760E-08	2.4760E-08	1.1189E-02	2.4760E-08	2.4760E-08	4.4060E-02	1.3566E+05	1.0426E+00	1.0325E+05	2.9470E+00	0.0000E+00	5.9419E-07	2.4760E-08	2.4760E-08	7.0522E-08	2.4760E-08	3.0944E-06	2.9272E-07	2.4760E-08	9.4642E+01	2.9522E-07	1.2041E+07
209	1.1639E+07	3.0184E+05	3.2702E-02	1.1415E-07	2.3717E-08	2.3717E-08	9.3648E-03	2.3717E-08	2.3717E-08	3.7506E-02	1.2807E+05	1.0278E+00	9.9366E+04	2.5931E+00	0.0000E+00	5.6906E-07	2.3717E-08	2.3717E-08	6.7301E-08	2.3717E-08	2.9327E-06	2.6279E-07	2.3717E-08	9.1733E+01	2.5769E-07	1.1548E+07
210	1.1159E+07	2.6343E+05	2.4185E-02	1.0831E-07	2.2706E-08	2.2706E-08	7.8115E-03	2.2706E-08	2.2706E-08	3.1830E-02	1.2076E+05	1.0137E+00	9.5568E+04	2.2781E+00	0.0000E+00	5.4461E-07	2.2706E-08	2.2706E-08	6.4169E-08	2.2706E-08	2.7797E-06	2.3812E-07	2.2706E-08	8.8921E+01	2.2455E-07	1.1068E+07
211	1.0693E+07	2.2947E+05	1.7767E-02	1.0268E-07	2.1730E-08	2.1730E-08	6.4966E-03	2.1730E-08	2.1730E-08	2.6936E-02	1.1377E+05	1.0005E+00	9.1869E+04	1.9986E+00	0.0000E+00	5.2087E-07	2.1730E-08	2.1730E-08	6.1135E-08	2.1730E-08	2.6340E-06	2.1762E-07	2.1730E-08	8.6214E+01	1.9536E-07	1.0602E+07
212	1.0243E+07	1.9957E+05	1.2971E-02	9.7275E-08	2.0791E-08	2.0791E-08	5.3902E-03	2.0791E-08	2.0791E-08	2.2735E-02	1.0710E+05	9.8836E-01	8.8290E+04	1.7514E+00	0.0000E+00	4.9786E-07	2.0791E-08	2.0791E-08	5.8213E-08	2.0791E-08	2.4951E-06	2.0042E-07	2.0791E-08	8.3625E+01	1.6971E-07	1.0152E+07
213	9.8095E+06	1.7333E+05	9.4159E-03	9.2088E-08	1.9890E-08	1.9890E-08	4.4641E-03	1.9890E-08	1.9890E-08	1.9144E-02	1.0077E+05	9.7729E-01	8.4847E+04	1.5335E+00	0.0000E+00	4.7559E-07	1.9890E-08	1.9890E-08	5.5411E-08	1.9890E-08	2.3627E-06	1.8583E-07	1.9890E-08	8.1158E+01	1.4723E-07	9.7213E+06
214	9.3916E+06	1.5036E+05	6.7980E-03	8.7123E-08	1.9026E-08	1.9026E-08	3.6909E-03	1.9026E-08	1.9026E-08	1.6084E-02	9.4777E+04	9.6737E-01	8.1540E+04	1.3415E+00	0.0000E+00	4.5407E-07	1.9026E-08	1.9026E-08	5.2728E-08	1.9026E-08	2.2364E-06	1.7330E-07	1.9026E-08	7.8806E+01	1.2756E-07	9.3079E+06
215	8.9893E+06	1.3027E+05	4.8812E-03	8.2378E-08	1.8198E-08	1.8198E-08	3.0460E-03	1.8198E-08	1.8198E-08	1.3485E-02	8.9096E+04	9.5853E-01	7.8361E+04	1.1725E+00	0.0000E+00	4.3331E-07	1.8198E-08	1.8198E-08	5.0157E-08	1.8198E-08	2.1159E-06	1.6236E-07	1.8198E-08	7.6553E+01	1.1038E-07	8.9110E+06
216	8.6022E+06	1.1272E+05	3.4854E-03	7.7844E-08	1.7403E-08	1.7403E-08	2.5086E-03	1.7403E-08	1.7403E-08	1.1281E-02	8.3701E+04	9.5074E-01	7.5295E+04	1.0238E+00	0.0000E+00	4.1328E-07	1.7403E-08	1.7403E-08	4.7689E-08	1.7403E-08	2.0008E-06	1.5265E-07	1.7403E-08	7.4384E+01	9.5388E-08	8.5290E+06
217	8.2294E+06	9.7413E+04	2.4746E-03	7.3511E-08	1.6639E-08	1.6639E-08	2.0615E-03	1.6639E-08	1.6639E-08	9.4165E-03	7.8567E+04	9.4393E-01	7.2330E+04	8.9295E-01	0.0000E+00	3.9394E-07	1.6639E-08	1.6639E-08	4.5315E-08	1.6639E-08	1.8906E-06	1.4390E-07	1.6639E-08	7.2287E+01	8.2324E-08	8.1608E+06
218	7.8696E+06	8.4080E+04	1.7470E-03	6.9362E-08	1.5902E-08	1.5902E-08	1.6901E-03	1.5902E-08	1.5902E-08	7.8424E-03	7.3672E+04	9.3807E-01	6.9451E+04	7.7806E-01	0.0000E+00	3.7523E-07	1.5902E-08	1.5902E-08	4.3029E-08	1.5902E-08	1.7850E-06	1.3590E-07	1.5902E-08	7.0254E+01	7.0955E-08	7.8052E+06
219	7.5214E+06	7.2486E+04	1.2263E-03	6.5383E-08	1.5191E-08	1.5191E-08	1.3821E-03	1.5191E-08	1.5191E-08	6.5160E-03	6.8993E+04	9.3312E-01	6.6641E+04	6.7733E-01	0.0000E+00	3.5710E-07	1.5191E-08	1.5191E-08	4.0823E-08	1.5191E-08	1.6836E-06	1.2850E-07	1.5191E-08	6.8278E+01	6.1077E-08	7.4610E+06
220	7.1835E+06	6.2420E+04	8.5591E-04	6.1557E-08	1.4501E-08	1.4501E-08	1.1271E-03	1.4501E-08	1.4501E-08	5.4002E-03	6.4509E+04	9.2904E-01	6.3887E+04	5.8915E-01	0.0000E+00	3.3947E-07	1.4501E-08	1.4501E-08	3.8688E-08	1.4501E-08	1.5860E-06	1.2158E-07	1.4501E-08	6.6352E+01	5.2506E-08	7.1268E+06
221	6.8541E+06	5.3694E+04	5.9396E-04	5.7864E-08	1.3831E-08	1.3831E-08	9.1650E-04	1.3831E-08	1.3831E-08	4.4634E-03	6.0204E+04	9.2579E-01	6.1174E+04	5.1205E-01	0.0000E+00	3.2226E-07	1.3831E-08	1.3831E-08	3.6616E-08	1.3831E-08	1.4916E-06	1.1502E-07	1.3831E-08	6.4463E+01	4.5077E-08	6.8013E+06
222	6.5317E+06	4.6139E+04	4.0982E-04	5.4286E-08	1.3176E-08	1.3176E-08	7.4295E-04	1.3176E-08	1.3176E-08	3.6784E-03	5.6071E+04	9.2334E-01	5.8498E+04	4.4469E-01	0.0000E+00	3.0537E-07	1.3176E-08	1.3176E-08	3.4599E-08	1.3176E-08	1.4001E-06	1.0875E-07	1.3176E-08	6.2602E+01	3.8644E-08	6.4833E+06
223	6.2156E+06	3.9607E+04	2.8118E-04	5.0812E-08	1.2535E-08	1.2535E-08	6.0040E-04	1.2535E-08	1.2535E-08	3.0226E-03	5.2108E+04	9.2157E-01	5.5856E+04	3.8587E-01	0.0000E+00	2.8881E-07	1.2535E-08	1.2535E-08	3.2640E-08	1.2535E-08	1.3111E-06	1.0272E-07	1.2535E-08	6.0752E+01	3.3080E-08	6.1719E+06
224	5.9066E+06	3.3965E+04	1.9187E-04	4.7450E-08	1.1908E-08	1.1908E-08	4.8362E-04	1.1908E-08	1.1908E-08	2.4771E-03	4.8314E+04	9.2022E-01	5.3247E+04	3.3452E-01	0.0000E+00	2.7114E-07	1.1908E-08	1.1908E-08	3.0537E-08	1.1908E-08	1.2246E-06	9.6860E-08	1.1908E-08	5.8897E+01	2.8282E-08	5.8661E+06
225	5.6069E+06	2.9098E+04	1.3027E-04	4.4221E-08	1.1296E-08	1.1296E-08	3.8817E-04	1.1296E-08	1.1296E-08	2.0259E-03	4.4685E+04	9.1888E-01	5.0668E+04	2.8970E-01	0.0000E+00	2.5627E-07	1.1296E-08	1.1296E-08	2.8813E-08	1.1296E-08	1.1412E-06	9.1150E-08	1.1296E-08	5.7021E+01	2.4163E-08	5.5649E+06
226	5.3167E+06	2.4905E+04	8.8062E-05	4.1133E-08	1.0698E-08	1.0698E-08	3.1031E-04	1.0698E-08	1.0698E-08	1.6538E-03	4.1214E+04	9.1730E-01	4.8110E+04	2.5061E-01	0.0000E+00	2.4094E-07	1.0698E-08	1.0698E-08	2.7015E-08	1.0698E-08	1.0612E-06	8.5588E-08	1.0698E-08	5.5110E+01	2.0637E-08	5.2675E+06
227	5.0296E+06	2.1301E+04	5.9332E-05	3.8135E-08	1.0108E-08	1.0108E-08	2.4708E-04	1.0108E-08	1.0108E-08	1.3457E-03	3.7897E+04	9.1597E-01	4.5572E+04	2.1660E-01	0.0000E+00	2.2565E-07	1.0108E-08	1.0108E-08	2.5243E-08	1.0108E-08	9.8404E-07	8.0214E-08	1.0108E-08	5.3157E+01	1.7601E-08	4.9737E+06
228	4.7273E+06	1.8208E+04	3.9841E-05	3.5067E-08	9.5076E-09	9.5076E-09	1.9605E-04	9.5076E-09	9.5076E-09	1.0860E-03	3.4730E+04	9.1658E-01	4.3050E+04	1.8701E-01	0.0000E+00	2.0974E-07	9.5076E-09	9.5076E-09	2.3496E-08	9.5076E-09	9.0706E-07	7.5084E-08	9.5076E-09	5.1167E+01	1.4924E-08	4.6842E+06
229	4.3860E+06	1.5573E+04	2.6663E-05	3.1721E-08	8.8773E-09	8.8773E-09	1.5554E-04	8.8773E-09	8.8773E-09	8.6262E-04	3.1744E+04	9.2198E-01	4.0578E+04	1.6144E-01	0.0000E+00	1.9223E-07	8.8773E-09	8.8773E-09	2.1770E-08	8.8773E-09	8.2589E-07	7.0218E-08	8.8773E-09	4.9175E+01	1.2491E-08	4.4034E+06
230	4.0069E+06	1.3262E+04	1.7574E-05	2.8087E-08	8.2112E-09	8.2112E-09	1.2282E-04	8.2112E-09	8.2112E-09	6.7001E-04	2.8856E+04	9.3010E-01	3.8089E+04	1.3866E-01	0.0000E+00	1.7309E-07	8.2112E-09	8.2112E-09	2.0037E-08	8.2112E-09	7.4018E-07	6.5536E-08	8.2112E-09	4.7125E+01	1.0255E-08	4.1240E+06
231	3.6801E+06	1.1470E+04	1.1883E-05	2.4674E-08	7.6404E-09	7.6404E-09	9.9129E-05	7.6404E-09	7.6404E-09	5.2955E-04	2.6451E+04	9.3972E-01	3.5949E+04	1.2075E-01	0.0000E+00	1.5622E-07	7.6404E-09	7.6404E-09	1.8493E-08	7.6404E-09	6.4660E-07	5.9518E-08	7.6404E-09	4.5348E+01	8.5174E-09	3.8864E+06
232	3.5366E+06	9.0550E+03	6.6513E-06	2.3142E-08	7.0968E-09	7.0968E-09	6.9496E-05	7.0968E-09	7.0968E-09	4.1502E-04	2.2687E+04	8.8507E-01	3.2394E+04	9.6672E-02	0.0000E+00	1.4533E-07	7.0968E-09	7.0968E-09	1.6646E-08	7.0968E-09	5.9307E-07	5.3033E-08	7.0968E-09	4.2281E+01	7.1534E-09	3.4960E+06
233	3.5366E+06	9.0557E+03	6.6530E-06	2.3142E-08	7.0967E-09	7.0968E-09	6.9506E-05	7.0968E-09	7.0966E-09	4.1503E-04	2.2687E+04	8.8507E-01	3.2394E+04	9.6680E-02	0.0000E+00	1.4533E-07	7.0967E-09	7.0969E-09	1.6647E-08	7.0968E-09	5.9306E-07	5.3034E-08	7.0966E-09	4.2281E+01	7.1534E-09	3.4960E+06
234	NAN	NAN	NAN	NAN	NAN	NAN	NAN	NAN	NAN	NAN	NAN	NAN	NAN	NAN	0.0000E+00	NAN	NAN	NAN	NAN	NAN	NAN	NAN	NAN	NAN	NAN	NAN
